Name Surname HW1 HW2 HW3 HW4 HW5 HW6 HW7 Exam
Name1 Surname1 7.53624 9.23805 6.34892 5.63822 9.77634 6.95405 5.75787 8.09644
Name2 Surname2 1.66691 3.96865 6.25369 1.27875 9.35734 1.17777 8.01435 4.0244
Name3 Surname1 4.08273 4.73338 9.16582 6.86332 6.13567 1.07045 3.58257 7.5661
Name4 Surname2 7.3216 5.0766 3.01337 8.8486 7.45705 8.96911 4.02722 7.04285
Name5 Surname1 6.44971 1.5999 7.91417 8.4418 2.30369 1.02146 5.44486 1.87305
Name6 Surname2 7.2312 6.62555 7.79478 5.15618 7.99719 7.76429 9.78642 2.60164
Name7 Surname1 5.04597 8.51879 6.18557 4.5981 8.12615 5.42809 5.8821 7.65366
Name8 Surname2 2.12624 2.16057 7.89153 4.98157 2.87439 8.98997 4.05477 8.54313
Name9 Surname1 9.31845 8.18225 3.85158 5.49642 2.21641 5.08846 5.92006 8.93491
Name10 Surname2 7.53394 4.1179 9.58995 6.37958 2.6211 4.1488 7.84866 5.62534
Name11 Surname1 8.67383 4.23733 7.87952 2.83471 5.14101 2.97926 4.55895 2.26351
Name12 Surname2 7.61327 6.26808 8.56967 7.90564 9.90666 9.22586 9.30832 8.87818
Name13 Surname1 8.11427 9.00802 4.18541 4.3049 1.66062 8.36898 7.10249 7.07283
Name14 Surname2 7.10965 3.75555 5.83694 3.70067 8.15007 8.48254 5.90954 1.77084
Name15 Surname1 2.87622 2.40972 3.70049 3.65578 3.27047 4.06737 4.26854 6.15215
Name16 Surname2 8.57396 7.94837 3.0204 4.06398 9.83625 3.79647 4.18168 3.01941
Name17 Surname1 7.32146 8.80237 5.06964 5.19907 6.14766 4.31626 1.03518 1.91676
Name18 Surname2 2.99087 8.77091 9.81276 5.94704 4.10753 9.75018 7.1079 2.71283
Name19 Surname1 3.20646 4.5635 7.51689 7.61534 6.91247 7.86357 4.05687 9.97557
Name20 Surname2 8.93075 5.88611 1.39099 6.8642 3.85898 7.89778 2.33608 2.28847
Name21 Surname1 9.90444 4.24931 5.37068 9.63422 1.32074 2.11788 5.4589 3.98678
Name22 Surname2 8.4514 7.35892 5.26708 4.15523 7.23209 5.823 2.5014 5.11451
Name23 Surname1 7.97212 4.00231 6.91765 9.23974 2.80938 5.14812 4.72545 2.23074
Name24 Surname2 9.83819 1.47378 6.50071 6.71531 3.36426 6.10849 3.91311 5.77941
Name25 Surname1 3.49953 4.42454 8.95297 2.46748 3.8552 1.90679 8.00954 4.21691
Name26 Surname2 3.55853 5.1789 3.7329 1.62116 3.74481 3.80764 5.22131 4.81147
Name27 Surname1 5.77717 7.39968 8.95893 5.84137 3.5261 8.29652 8.22957 9.92359
Name28 Surname2 3.70241 7.18792 9.17431 6.32751 6.72554 1.5117 9.647 1.22949
Name29 Surname1 1.15015 5.87554 7.78479 1.37412 9.49556 9.11517 3.37025 4.83523
Name30 Surname2 9.47096 4.05793 9.402 9.53062 4.28984 7.13046 5.10098 3.99753
Name31 Surname1 1.74541 2.23796 9.15991 5.5349 7.00808 3.85758 5.44864 7.05999
Name32 Surname2 3.19876 7.88598 2.28459 1.16798 6.45485 8.67786 2.03971 2.8669
Name33 Surname1 2.38239 7.31802 6.76967 6.28918 3.38569 3.6201 1.10328 6.33202
Name34 Surname2 7.85127 6.92545 3.16152 6.5498 5.87733 6.24349 3.47397 5.18548
Name35 Surname1 5.29826 8.90886 7.56822 4.35998 5.60415 4.36334 1.44839 8.83375
Name36 Surname2 2.48235 6.11162 2.07008 1.43882 7.60363 8.44801 4.78616 9.92551
Name37 Surname1 9.19154 5.62201 2.12972 7.71942 7.70416 4.41677 9.65619 1.4894
Name38 Surname2 1.75698 7.15027 2.43987 5.63602 7.30071 1.09457 5.99897 1.76821
Name39 Surname1 1.96243 9.51945 1.07717 9.96924 8.54595 2.9674 1.46479 3.74457
Name40 Surname2 4.76046 3.73437 7.15355 3.46725 6.4621 2.88319 6.9359 3.10872
Name41 Surname1 2.44816 2.55827 5.42957 8.85335 2.91519 2.85186 2.78887 6.99716
Name42 Surname2 6.28395 4.90625 3.21232 6.90929 3.14368 8.3744 4.73118 2.51835
Name43 Surname1 1.49062 1.32187 9.23054 7.18466 2.74051 9.36918 7.60479 3.74176
Name44 Surname2 1.72517 3.80227 2.99285 6.18337 4.63558 5.61088 4.17156 5.94438
Name45 Surname1 5.08969 4.48557 1.05131 8.19828 8.94095 3.18868 9.34716 2.64021
Name46 Surname2 9.7047 2.23029 7.57026 8.976 2.17934 2.34193 5.7503 6.52807
Name47 Surname1 6.55417 8.463 6.91465 5.43951 4.56304 1.26493 9.5178 8.84815
Name48 Surname2 2.5923 5.3141 2.32873 6.84585 7.75127 9.0769 3.71206 2.58112
Name49 Surname1 6.00958 5.4609 1.14791 8.78765 4.56673 5.27983 7.76527 3.2053
Name50 Surname2 8.3597 1.75907 9.88603 9.83239 5.33182 8.84605 6.15146 5.10404
Name51 Surname1 8.61293 3.56576 5.51888 6.57151 9.59592 2.21238 4.36071 8.55819
Name52 Surname2 5.70768 9.97839 7.68749 7.98533 7.8356 6.07124 3.76188 7.24364
Name53 Surname1 3.1168 6.33526 5.7555 4.48188 5.27615 9.10154 4.47687 8.25956
Name54 Surname2 7.79953 4.75573 4.21859 7.34151 8.98665 7.25432 7.57514 3.23477
Name55 Surname1 2.77528 6.40378 3.58267 3.50093 7.73738 1.9826 8.43485 4.86042
Name56 Surname2 2.26544 8.53251 7.5682 3.18726 2.40535 2.99431 7.74446 3.33746
Name57 Surname1 4.07952 2.80586 2.91974 6.14562 5.52445 2.36523 3.23475 9.90927
Name58 Surname2 1.08713 3.30418 9.27241 8.72813 9.97709 7.59044 2.16843 9.88397
Name59 Surname1 5.57182 5.35194 4.78252 2.37274 9.43621 3.41448 6.42693 1.58389
Name60 Surname2 3.56037 3.97049 4.82167 7.51997 7.09733 7.06071 1.72082 7.38528
Name61 Surname1 8.68598 1.37854 5.91903 5.45959 7.28162 2.74472 6.70139 9.69752
Name62 Surname2 1.8413 7.32826 3.98162 4.35121 6.79483 2.63383 5.36013 6.51762
Name63 Surname1 7.30241 6.67662 7.96507 4.40243 2.00108 8.36019 3.41044 7.09469
Name64 Surname2 3.81871 1.85617 2.67326 6.76475 3.98147 8.36631 9.88165 4.97267
Name65 Surname1 3.15849 8.85866 4.06319 7.33001 8.71385 3.32646 1.13538 6.18726
Name66 Surname2 3.04244 2.21118 6.99366 9.0856 8.15648 8.29261 7.68179 8.89353
Name67 Surname1 9.72755 2.53154 2.72826 3.99793 5.51453 7.07815 1.08896 8.5179
Name68 Surname2 2.00862 4.23129 9.67037 2.74262 6.22297 6.27994 1.75261 8.00405
Name69 Surname1 3.49895 3.13536 5.4678 4.68723 1.6751 4.91337 3.21295 4.2785
Name70 Surname2 8.94948 9.63395 2.02096 6.916 7.37096 8.28945 7.39008 2.67916
Name71 Surname1 1.37795 3.32846 4.41752 9.69233 9.08855 7.78599 9.84171 7.96071
Name72 Surname2 6.34313 9.71311 7.56615 4.17772 6.97218 6.71377 9.90925 1.27593
Name73 Surname1 9.04306 5.99037 2.13165 1.95661 5.34053 8.32366 9.6123 5.0966
Name74 Surname2 6.1819 4.76428 9.6215 9.7174 5.66636 6.84388 6.97966 3.83211
Name75 Surname1 9.63367 4.20378 2.21137 2.31926 9.51513 1.08424 2.00079 2.17438
Name76 Surname2 5.16469 9.6642 6.83198 4.01796 1.98741 1.5872 7.07692 3.47152
Name77 Surname1 3.65601 2.19576 9.54453 1.69277 6.52254 2.05047 5.96193 9.52553
Name78 Surname2 2.29868 8.59781 4.27517 2.56015 8.78292 7.94469 3.60966 5.19479
Name79 Surname1 2.93109 4.08531 6.7523 2.70138 3.42981 3.82333 1.9474 9.17658
Name80 Surname2 4.87314 4.32592 1.56957 3.91278 6.38915 2.71095 9.6825 8.32136
Name81 Surname1 2.19703 8.7605 1.18473 1.70875 6.47087 1.49171 3.1667 1.47327
Name82 Surname2 1.7867 6.35725 4.96411 8.88171 2.8084 6.88651 4.22136 9.80089
Name83 Surname1 1.70508 7.27908 5.3534 8.53241 6.97918 8.38995 8.95041 2.39076
Name84 Surname2 6.84374 9.03643 6.91034 4.79804 5.669 6.67153 9.85085 6.34793
Name85 Surname1 5.13527 3.9092 6.26981 6.14843 8.75448 5.55514 6.35924 9.02167
Name86 Surname2 6.93923 3.84486 4.45977 4.71603 3.71144 1.52071 7.23244 8.38099
Name87 Surname1 4.02898 5.80462 7.36568 5.31639 9.17818 2.47214 5.08112 2.45594
Name88 Surname2 3.27322 1.81637 5.00677 1.3931 2.63039 4.50695 8.01557 3.34621
Name89 Surname1 9.56848 8.65773 5.1772 1.60464 8.37546 3.2513 4.14361 5.43454
Name90 Surname2 6.50156 4.47794 9.85889 1.70202 3.32263 1.02581 5.25015 2.60141
Name91 Surname1 1.23676 8.93984 2.99907 4.61365 7.41493 1.1187 3.63877 1.92287
Name92 Surname2 8.996 9.57343 1.89624 4.50713 6.80996 7.66052 2.5663 5.15275
Name93 Surname1 8.2399 1.65311 7.86485 3.18875 4.84545 4.78301 2.92129 3.22818
Name94 Surname2 6.50588 8.06908 2.28857 1.02915 7.38343 5.36708 3.63048 2.67775
Name95 Surname1 9.87702 3.69635 5.20793 6.79946 5.51338 3.46174 9.18187 4.59297
Name96 Surname2 3.38168 2.05104 9.2853 1.50335 9.95026 6.27871 8.88825 5.84603
Name97 Surname1 6.40698 6.79159 1.89525 4.61402 3.3662 7.14667 6.55399 2.80813
Name98 Surname2 1.27303 1.5647 6.28701 8.47369 4.53224 4.31627 6.59768 8.8076
Name99 Surname1 9.45141 1.87095 7.29469 9.85549 7.91076 9.21581 5.19481 8.51322
Name100 Surname2 6.96898 9.36449 8.85888 7.96592 9.0322 1.13795 7.28894 3.03191
Name101 Surname1 3.36911 6.95721 2.43211 6.93723 3.14924 7.93178 7.89839 8.47861
Name102 Surname2 7.49117 6.45552 3.91748 2.1956 2.0796 1.64518 5.84409 3.97799
Name103 Surname1 4.8307 5.75354 4.57707 1.09986 4.43211 9.16599 9.69864 4.75792
Name104 Surname2 4.35881 4.47629 8.41411 7.82467 1.12701 9.02329 6.4843 3.39956
Name105 Surname1 3.24367 7.9111 7.80435 9.25747 4.37385 8.17553 1.68736 6.80623
Name106 Surname2 8.49294 4.99082 4.83899 2.70195 1.41737 5.49838 9.42178 9.1378
Name107 Surname1 1.0671 1.61647 9.0184 4.7676 2.64881 4.94598 9.04178 7.62683
Name108 Surname2 4.17954 6.03189 5.87825 2.84474 3.78329 4.69058 7.83659 9.30157
Name109 Surname1 6.50247 2.17506 8.47653 6.28938 3.69242 3.60234 5.15613 5.78036
Name110 Surname2 1.32929 4.30313 4.48693 3.9989 3.48726 2.47041 1.99219 9.07032
Name111 Surname1 1.83691 3.72433 4.93541 4.11104 2.06533 6.11699 8.73314 3.84424
Name112 Surname2 4.3899 3.74711 4.91802 6.07361 2.77765 4.5353 3.18657 8.08157
Name113 Surname1 6.38261 3.71466 9.73033 6.82715 4.49094 5.97353 3.62387 2.52264
Name114 Surname2 3.45123 1.27279 4.9551 8.59322 4.55547 1.29936 3.09329 6.2914
Name115 Surname1 9.4351 3.59322 9.67524 1.85368 1.30639 4.49483 9.98259 6.26478
Name116 Surname2 7.4186 2.70572 7.09695 1.74601 9.52056 5.23295 2.95475 9.13266
Name117 Surname1 9.99303 2.56865 2.75014 4.57689 7.81021 1.46292 6.1543 6.32505
Name118 Surname2 2.52006 9.81852 4.03494 5.31542 3.65501 9.84287 7.03298 7.55534
Name119 Surname1 7.90828 6.70136 2.71255 8.29468 4.4636 9.32516 6.04671 2.32959
Name120 Surname2 7.864 4.26488 7.16042 5.81627 3.87201 3.81021 8.06748 6.20901
Name121 Surname1 5.55013 2.95129 2.69198 5.7521 6.36069 7.26971 2.96698 7.57874
Name122 Surname2 9.29527 6.11856 6.41415 2.13708 5.43794 7.11108 7.76684 2.3244
Name123 Surname1 4.33987 9.38031 8.58175 7.63813 8.73597 3.70599 8.66744 5.97595
Name124 Surname2 9.21043 7.72363 3.78557 3.57061 2.22261 9.77634 7.05929 7.33902
Name125 Surname1 2.40388 2.02875 5.23279 8.11869 4.07174 1.08702 3.05542 9.7808
Name126 Surname2 3.79061 7.84161 7.6506 3.13928 9.86831 1.90508 6.84217 6.47583
Name127 Surname1 2.33461 6.32777 4.00747 7.65096 4.08512 2.61522 2.5373 8.81051
Name128 Surname2 7.96251 3.507 3.35722 8.78587 3.47342 1.30451 9.80393 1.23977
Name129 Surname1 8.38375 5.18051 7.65834 5.00781 5.21699 3.55239 9.2851 4.5007
Name130 Surname2 8.16077 6.00495 2.54689 4.65672 5.84463 3.64324 3.56721 5.74466
Name131 Surname1 7.30419 7.1568 9.64448 9.37364 4.19269 8.34047 4.14382 4.77247
Name132 Surname2 8.40529 3.90111 6.74412 7.45181 5.60016 6.01976 2.73282 3.42737
Name133 Surname1 7.9561 1.2641 9.80908 1.62624 2.6501 4.4467 8.57822 2.14993
Name134 Surname2 1.99731 6.82503 2.90064 8.53005 2.2908 3.02153 1.11952 8.48574
Name135 Surname1 6.5082 8.92337 4.37148 5.24803 5.26278 3.01644 2.9715 2.76893
Name136 Surname2 2.56072 5.72468 3.68434 5.74033 3.24522 7.02861 6.11661 8.94027
Name137 Surname1 8.58443 5.31975 8.34902 8.786 1.45139 6.04861 6.82178 5.03484
Name138 Surname2 7.19976 7.07655 4.23744 1.28034 2.54297 1.50894 1.04681 4.87293
Name139 Surname1 2.78098 1.97874 5.23229 8.89661 4.97215 3.15896 2.59126 5.60017
Name140 Surname2 2.37865 6.21717 5.68212 1.37527 8.96422 3.48168 9.84275 5.23421
Name141 Surname1 7.01664 3.3308 5.10645 5.30578 2.54589 4.19338 6.02893 3.95344
Name142 Surname2 6.73186 1.14951 5.59744 1.61786 2.41806 6.73748 1.23361 3.21603
Name143 Surname1 3.08027 9.37747 9.50254 3.80056 7.57933 1.84093 9.68238 7.93771
Name144 Surname2 4.21408 6.27358 2.18078 3.41099 1.85493 8.25035 8.20619 7.22844
Name145 Surname1 7.08977 7.61643 7.21788 4.00876 5.67936 6.78773 1.60005 3.91254
Name146 Surname2 3.3621 6.35563 8.65804 6.05752 8.99071 8.854 3.80232 7.31459
Name147 Surname1 5.26135 4.47478 7.00762 9.45699 4.91587 4.08179 4.24642 1.30065
Name148 Surname2 4.17227 2.82606 4.31713 4.7464 8.79101 4.13385 2.78734 5.5738
Name149 Surname1 5.38603 3.45683 2.55761 7.98711 6.03606 5.48338 6.52741 1.85985
Name150 Surname2 8.85296 1.98403 1.80788 7.37589 5.61053 4.21214 4.05674 5.59041
Name151 Surname1 4.49372 2.04092 7.68204 3.82576 6.70033 8.64725 5.58717 5.46497
Name152 Surname2 8.04483 8.28253 5.90262 5.10692 4.86596 8.59875 4.45597 2.97951
Name153 Surname1 8.56186 2.04235 3.89116 6.92539 6.02891 1.1222 1.75891 3.01149
Name154 Surname2 4.20358 8.34181 5.82126 9.30192 7.49565 9.88358 2.9887 2.51297
Name155 Surname1 3.48237 6.27204 1.42391 3.42951 4.91829 5.2787 3.16033 4.12657
Name156 Surname2 7.34212 1.20754 8.75194 1.77088 3.22742 3.60028 2.45584 8.58523
Name157 Surname1 3.11941 9.66359 5.29311 4.63946 8.89842 4.88528 6.63473 6.1479
Name158 Surname2 3.83212 7.69468 5.01149 2.18554 5.64815 7.97603 8.62613 5.07068
Name159 Surname1 4.77187 2.2731 3.38867 6.57252 8.923 2.81333 5.7138 5.829
Name160 Surname2 8.57788 9.16299 2.39515 6.30354 2.49177 3.38652 1.31293 4.16557
Name161 Surname1 6.78794 1.61926 6.53686 7.84697 3.31715 4.39201 1.74366 4.69374
Name162 Surname2 1.19615 2.77517 1.21586 7.00618 3.205 9.17641 9.43525 4.80038
Name163 Surname1 3.01844 8.72951 2.92666 3.21173 6.15605 8.93584 1.12277 4.5383
Name164 Surname2 8.14807 9.68753 8.44626 2.95911 8.37027 1.04268 6.77725 2.33809
Name165 Surname1 2.00589 7.96458 3.09586 4.31252 2.50923 3.24265 7.5964 1.12451
Name166 Surname2 8.18464 2.83871 9.03536 4.93711 7.79222 5.17085 7.87123 2.87237
Name167 Surname1 9.98553 5.24413 6.12284 8.82657 5.9914 2.40561 5.48934 9.64723
Name168 Surname2 4.60509 5.45575 7.31889 6.32031 8.20686 2.29171 6.00334 1.9082
Name169 Surname1 8.12219 7.16859 1.67222 6.64833 7.08888 1.16446 6.08201 5.68278
Name170 Surname2 1.77643 4.22736 4.92532 1.58864 1.5549 3.66384 7.71429 8.18732
Name171 Surname1 3.10952 3.7402 6.22246 1.76495 1.53959 7.66142 8.47728 9.0227
Name172 Surname2 6.44367 5.98127 1.46585 4.79647 2.71759 4.19158 4.81339 2.44199
Name173 Surname1 7.48598 6.75197 4.74623 6.70923 4.87969 8.44454 8.31108 3.02205
Name174 Surname2 4.28942 6.10698 5.17298 7.9709 1.88199 8.059 2.0266 2.29353
Name175 Surname1 5.49099 3.85676 8.22881 9.88033 6.55264 6.80813 8.96617 9.90803
Name176 Surname2 2.17885 3.72005 9.63933 6.54288 2.78352 7.22752 9.65342 3.59894
Name177 Surname1 5.07306 8.29905 3.76766 8.89509 6.12241 9.4615 5.51699 4.56248
Name178 Surname2 4.16309 6.80633 5.72423 6.24572 2.07539 6.09053 6.70852 7.05109
Name179 Surname1 5.89283 6.25628 9.56206 3.66495 2.10226 2.36385 1.84703 3.88256
Name180 Surname2 8.4619 1.87561 4.17632 5.28148 8.12094 6.47832 1.64053 9.51113
Name181 Surname1 5.36559 3.92934 5.28656 8.69901 9.23459 8.39195 8.65958 6.50218
Name182 Surname2 9.845 9.03612 2.34662 9.29991 2.37297 4.55856 3.26305 8.39786
Name183 Surname1 1.14525 6.94507 9.69378 9.00214 1.54514 6.25517 7.85992 3.75792
Name184 Surname2 6.12754 8.41661 1.09339 2.16027 3.31019 9.36455 2.45066 9.74932
Name185 Surname1 4.54324 5.58506 3.91697 1.49628 8.94849 2.09475 5.03696 9.47715
Name186 Surname2 7.8672 2.59951 4.03498 2.51836 3.91043 6.99469 3.69678 5.84729
Name187 Surname1 8.24257 6.50282 7.92691 5.93235 4.2923 8.5681 4.38314 5.90014
Name188 Surname2 4.73257 7.88635 5.26088 1.89496 1.41816 5.98339 7.36097 2.45918
Name189 Surname1 1.53994 8.1353 4.96332 6.54897 8.43858 4.23389 3.15729 4.46562
Name190 Surname2 7.80247 1.69721 1.52541 7.55183 1.21597 3.89545 4.14584 9.2529
Name191 Surname1 9.70306 3.07227 5.35581 9.57478 3.38393 2.77255 1.89053 1.29732
Name192 Surname2 5.19568 9.77407 8.90601 3.02698 8.31633 3.19872 1.03501 7.04327
Name193 Surname1 4.46256 3.90211 7.4481 1.22967 2.71469 2.03461 2.32879 1.59034
Name194 Surname2 2.07122 4.48563 6.70078 6.9214 9.55549 4.73708 3.45107 5.77427
Name195 Surname1 9.63961 8.9454 4.02126 7.94101 8.18877 5.49189 1.73853 9.08878
Name196 Surname2 5.35363 4.12379 4.65854 5.40167 3.43863 7.55945 9.47041 6.03945
Name197 Surname1 4.51243 4.30996 5.2215 6.92409 9.4893 8.02035 9.41577 4.911
Name198 Surname2 8.01552 7.19189 5.40912 2.50351 1.2184 2.23891 5.24212 2.83978
Name199 Surname1 3.57768 7.40968 9.50806 2.2655 8.94477 4.22164 5.00167 4.03215
Name200 Surname2 6.71878 9.14792 8.98156 8.18966 9.28137 3.92954 8.69952 9.07695
Name201 Surname1 4.88468 2.30207 6.15977 1.33219 1.75921 2.44795 9.66318 9.13827
Name202 Surname2 5.75297 4.17253 6.2365 8.18971 8.4482 9.52307 4.26145 7.88594
Name203 Surname1 3.46896 9.35886 5.57541 4.39324 4.76473 5.666 6.65936 6.25667
Name204 Surname2 1.71489 2.34123 9.51308 1.28215 4.06833 6.74104 3.39323 7.67059
Name205 Surname1 9.25266 9.90674 2.7026 3.96609 6.03739 8.71827 1.13965 1.1273
Name206 Surname2 9.38301 6.88371 6.56407 6.95355 6.35213 8.55383 9.79824 2.11427
Name207 Surname1 8.72668 6.1194 7.62448 4.28605 2.40915 9.5637 1.68222 4.53516
Name208 Surname2 5.60623 7.96448 7.87371 9.51076 8.14188 3.87948 5.9926 8.3849
Name209 Surname1 8.32464 1.73082 5.72184 8.73989 5.24082 1.86218 1.70093 1.25501
Name210 Surname2 4.27625 4.035 1.43353 2.29661 6.63808 4.74088 2.64304 8.2404
Name211 Surname1 9.39895 7.77218 6.8423 4.74158 1.28053 8.51674 2.37553 7.82814
Name212 Surname2 4.90591 4.3108 5.33536 7.04975 4.96561 2.41911 3.33458 1.07323
Name213 Surname1 5.22186 6.07528 3.02773 6.58309 1.82066 7.78678 8.89581 9.94661
Name214 Surname2 8.62554 3.69042 3.56445 2.67779 4.66554 1.50123 2.94671 3.23525
Name215 Surname1 4.66932 8.9066 4.26218 1.51167 1.46291 4.69312 6.17753 3.46558
Name216 Surname2 3.8982 2.86325 9.46749 5.38109 3.1648 1.90445 8.39136 6.19995
Name217 Surname1 2.70542 5.30731 2.80298 3.18033 4.19603 1.22969 3.14394 4.21539
Name218 Surname2 9.69778 2.95696 5.77143 7.01479 8.86623 9.38534 8.29494 9.13814
Name219 Surname1 7.67703 9.65701 2.32523 1.36652 8.94537 9.57209 2.732 1.68778
Name220 Surname2 7.86527 6.73551 9.52668 3.0694 5.81367 4.23262 3.56145 5.48114
Name221 Surname1 8.95899 6.4832 7.18442 4.87094 1.99623 1.99058 5.71275 3.2086
Name222 Surname2 9.8219 3.74228 8.48128 8.14842 3.55611 2.41924 5.77744 3.83915
Name223 Surname1 9.44741 1.82716 6.97941 9.0376 4.76732 8.3419 4.63202 1.65594
Name224 Surname2 6.69413 5.31822 1.68101 4.64596 5.79411 4.31287 1.108 4.36598
Name225 Surname1 8.00372 7.9506 6.3157 1.67541 8.88288 6.22266 2.41512 9.80665
Name226 Surname2 9.06131 8.58459 2.63935 9.9545 7.68559 5.85535 1.13992 2.8917
Name227 Surname1 6.33449 1.80158 1.2177 3.73622 7.36364 4.25575 8.68682 7.69901
Name228 Surname2 8.70016 1.41809 1.94421 8.61529 3.59219 8.18384 2.43422 5.30036
Name229 Surname1 5.55542 8.03478 9.28536 4.90864 8.50589 7.52394 9.93528 2.69946
Name230 Surname2 6.41548 8.68429 8.20174 7.84728 4.68607 6.09929 1.33325 1.34482
Name231 Surname1 1.873 7.22986 8.6852 6.44206 9.02273 8.03825 8.58464 1.70941
Name232 Surname2 4.92471 9.47951 9.58936 7.68826 9.96188 6.01103 9.91091 6.74462
Name233 Surname1 1.15525 9.38997 1.42585 2.27334 1.57393 3.01907 7.59218 3.45282
Name234 Surname2 3.11875 3.172 9.36819 1.63188 4.47859 3.16626 8.23681 8.85498
Name235 Surname1 8.86883 3.02574 9.16198 7.6834 3.26391 2.49257 9.47415 9.71574
Name236 Surname2 4.8581 2.51703 9.44026 6.69112 8.26522 5.26226 4.86274 3.58812
Name237 Surname1 7.51413 2.74789 1.36755 7.963 9.29895 4.61847 8.19966 8.23787
Name238 Surname2 2.7325 2.92252 7.09042 5.82585 6.62868 1.67793 4.23802 5.25662
Name239 Surname1 6.30275 9.2864 7.03804 1.781 9.79551 5.612 7.61775 6.22866
Name240 Surname2 7.77074 7.35059 2.93437 4.54497 5.58062 8.81926 3.00132 8.52641
Name241 Surname1 2.08953 3.04934 1.44279 5.71984 1.51639 3.69115 4.69494 5.02936
Name242 Surname2 7.75823 7.3981 7.77446 1.02027 4.67965 3.15352 7.31911 8.60803
Name243 Surname1 5.47462 6.70115 1.03984 4.54011 7.38328 8.93686 4.30169 5.49639
Name244 Surname2 6.2705 5.90044 5.57394 8.63003 9.33905 5.57448 7.44052 8.74506
Name245 Surname1 8.61306 6.99984 7.01171 9.12633 9.44777 6.5867 7.25529 1.01474
Name246 Surname2 5.04654 3.2152 4.1725 8.80726 6.18965 9.16257 1.97459 6.4241
Name247 Surname1 4.81778 3.12704 6.04386 9.82646 1.0746 9.31043 1.84878 3.04647
Name248 Surname2 2.41597 3.41241 4.67389 1.35919 3.38216 8.45736 3.32515 8.79439
Name249 Surname1 6.46621 2.42731 2.89183 9.27861 7.99507 4.52689 2.30863 6.36501
Name250 Surname2 2.81757 5.63289 2.35788 9.48301 5.99306 9.44613 4.32879 6.06572
Name251 Surname1 1.37853 6.72564 2.43733 5.74097 7.39088 2.16927 3.22632 6.71149
Name252 Surname2 1.13031 2.37534 3.81398 6.99591 8.80266 3.26743 4.07322 8.50993
Name253 Surname1 2.59439 7.44931 4.00833 6.05042 1.07199 3.85392 8.76354 8.09666
Name254 Surname2 5.76034 5.88484 3.62097 7.68026 5.39759 3.59244 8.55039 9.0913
Name255 Surname1 2.29645 7.47328 4.9162 1.10775 7.63244 5.11327 1.08158 6.05691
Name256 Surname2 6.75904 3.46955 6.35775 9.36782 4.56231 5.66547 2.43445 1.00617
Name257 Surname1 6.67927 7.61348 3.72378 3.15077 9.39506 5.76633 9.43426 3.83032
Name258 Surname2 9.12611 7.10921 3.20447 8.87065 5.86409 4.69845 8.50011 4.02344
Name259 Surname1 9.70712 6.42896 3.78338 1.42244 5.26776 7.54293 3.65145 8.68933
Name260 Surname2 8.70415 7.47744 7.65856 4.70447 8.96802 4.78097 5.32837 2.76051
Name261 Surname1 3.31742 8.14276 7.95897 1.63049 1.19225 4.06019 1.91171 4.72863
Name262 Surname2 4.6203 4.13806 1.10768 4.00028 8.88586 4.3888 8.89858 4.70425
Name263 Surname1 3.88376 4.95533 2.03782 7.51833 8.05318 4.4641 7.55259 1.94793
Name264 Surname2 3.96875 2.501 7.85091 9.49596 9.79579 4.34974 7.16867 5.97675
Name265 Surname1 3.23981 2.43124 5.54878 9.71882 9.14744 5.99783 1.49553 3.41741
Name266 Surname2 9.13172 8.61399 6.34485 7.36358 7.20951 5.33939 7.97075 6.3445
Name267 Surname1 4.5474 1.98072 4.8538 4.65794 7.20988 8.86697 3.50075 8.57578
Name268 Surname2 4.57808 6.00765 1.22559 5.41847 9.96865 9.34866 8.1707 6.50727
Name269 Surname1 5.0827 8.36577 1.54299 7.01554 5.89007 4.62555 7.88274 7.72938
Name270 Surname2 4.01609 4.58928 9.96379 6.60792 7.64874 9.7692 3.61717 9.59133
Name271 Surname1 7.80997 7.62931 3.70344 2.13124 3.27809 3.03994 4.70235 2.628
Name272 Surname2 7.75865 6.09874 2.47958 6.79595 4.17187 5.85159 3.93342 5.18617
Name273 Surname1 6.44798 6.45473 1.86291 3.87801 2.86368 6.69254 9.89501 7.45888
Name274 Surname2 1.02936 5.83405 3.18864 4.19553 7.03245 4.25851 1.70032 3.8389
Name275 Surname1 7.49089 4.37889 1.31586 9.66969 7.19864 8.22075 1.75046 6.01465
Name276 Surname2 1.99994 6.37718 1.64081 1.44922 6.67893 2.65965 8.80487 9.88866
Name277 Surname1 9.06921 7.32699 4.34975 2.72239 6.68845 2.98736 6.24844 9.21228
Name278 Surname2 6.87659 2.6467 1.23466 6.56713 1.68123 5.97971 7.92944 1.56304
Name279 Surname1 9.34492 1.8432 9.356 9.58199 7.18584 7.46091 8.92367 4.30864
Name280 Surname2 3.53534 7.83095 9.37305 5.98446 6.14792 8.00999 2.753 9.44697
Name281 Surname1 6.90351 7.63076 6.23073 5.43187 6.37209 5.57067 5.55146 4.19291
Name282 Surname2 7.42262 9.98864 3.79789 5.96487 1.07283 8.44792 4.00685 2.64039
Name283 Surname1 8.9309 5.76765 2.41497 6.70624 9.47699 5.55181 1.53769 7.4975
Name284 Surname2 9.71511 9.68149 3.34606 1.91431 3.3994 1.87839 5.02791 5.90051
Name285 Surname1 5.87566 2.17015 9.65019 4.04522 4.48821 4.97785 5.62382 3.57127
Name286 Surname2 7.26205 3.45605 2.41071 8.06156 9.89478 8.9596 5.10277 2.69215
Name287 Surname1 7.3474 8.80034 9.55883 1.88481 9.54602 5.33884 3.81574 5.84407
Name288 Surname2 8.88515 8.22084 8.90916 8.97204 3.09666 1.12473 5.63353 8.97581
Name289 Surname1 4.92011 8.27807 2.77583 5.94265 6.58184 8.82933 2.28779 4.85823
Name290 Surname2 1.16409 1.1822 5.1106 2.83253 4.96398 6.29957 3.30579 1.55547
Name291 Surname1 5.72595 8.17251 2.4447 9.74065 5.65903 8.17952 2.6077 2.17083
Name292 Surname2 9.06454 3.23268 7.13108 8.32243 9.31788 4.2773 3.43854 8.26418
Name293 Surname1 4.92333 3.70995 4.59871 2.23619 4.40418 8.58161 5.37329 9.21348
Name294 Surname2 4.1581 6.17067 8.98001 6.71214 5.10077 8.88285 2.39011 7.36282
Name295 Surname1 8.11333 6.18884 9.89684 6.08464 1.06508 1.67504 8.90797 9.49427
Name296 Surname2 9.05604 7.30369 1.78344 9.51813 3.7249 1.10605 7.02908 2.50039
Name297 Surname1 1.28087 6.20575 9.21826 2.21548 9.76864 5.17411 4.10218 8.06183
Name298 Surname2 9.94454 8.12107 1.20685 2.64715 1.44579 7.03794 5.88952 5.20875
Name299 Surname1 2.38348 8.92148 8.66425 5.30329 2.44063 4.14858 5.06447 8.79746
Name300 Surname2 1.23258 1.65368 3.42011 7.60197 5.87124 1.49088 6.67672 1.35674
Name301 Surname1 9.77288 7.84762 9.20887 1.12568 7.1807 2.41856 3.58015 9.07163
Name302 Surname2 5.22832 1.92442 2.9903 6.87807 3.18023 8.28254 7.57466 6.36412
Name303 Surname1 1.53248 9.14362 2.06172 6.42984 2.75268 4.26238 5.89099 1.60237
Name304 Surname2 9.08935 1.77048 4.32525 6.34581 7.96644 3.32402 2.75121 9.2289
Name305 Surname1 1.66036 3.24165 9.38868 6.58157 5.53434 6.69905 4.43857 7.17841
Name306 Surname2 4.95065 7.1212 1.74019 7.29075 4.80468 5.29812 7.34922 9.4921
Name307 Surname1 7.78943 7.41629 9.11502 5.21596 3.04682 9.05971 7.35158 6.2838
Name308 Surname2 6.1518 1.21981 3.92014 4.62784 2.76319 8.77005 7.4151 4.65915
Name309 Surname1 8.42469 8.94338 2.76227 9.05777 7.25508 4.70405 9.23205 1.33251
Name310 Surname2 6.53391 7.64695 4.204 9.95068 8.09769 9.47107 6.13147 2.43898
Name311 Surname1 6.06727 2.44024 6.6188 9.72432 2.99447 1.53223 8.88079 6.37339
Name312 Surname2 2.33773 6.58081 7.83129 1.74691 5.69019 9.71359 9.04092 2.07678
Name313 Surname1 4.3461 5.30893 9.46063 6.43225 4.33574 8.72135 4.97314 5.03505
Name314 Surname2 9.04863 8.2707 9.17356 7.50416 4.59967 2.97683 6.65785 8.95503
Name315 Surname1 2.1463 9.32831 4.18838 2.76635 9.9911 5.46201 3.67383 9.12299
Name316 Surname2 2.32047 9.18117 1.84412 5.62137 5.52959 6.95469 9.13854 8.18571
Name317 Surname1 8.32064 9.10724 8.31024 6.19929 6.19433 5.77157 1.10731 9.08072
Name318 Surname2 9.82021 2.95057 9.74169 6.51764 3.94157 8.59435 3.12509 9.39253
Name319 Surname1 7.2062 8.86722 2.50921 5.65906 9.95192 8.36042 3.21984 8.02822
Name320 Surname2 7.97752 3.77133 4.31671 4.44404 9.66761 8.78253 3.66278 1.49823
Name321 Surname1 1.41468 3.14017 8.15404 5.52867 6.74225 5.78282 7.84145 5.4214
Name322 Surname2 9.95832 2.30933 9.49733 3.78734 8.42022 2.25303 4.56679 1.68202
Name323 Surname1 1.25186 5.92403 7.78132 3.19008 1.91553 8.18694 6.8146 8.33896
Name324 Surname2 9.91874 8.06316 4.27148 5.83831 1.74646 4.39009 9.53445 5.39676
Name325 Surname1 7.73842 3.70649 9.74383 7.38343 1.64186 7.93679 5.48471 1.52161
Name326 Surname2 5.6927 5.93523 4.81849 5.35079 4.16885 4.9196 9.77856 4.69168
Name327 Surname1 5.24577 3.79169 6.28252 2.03925 7.98438 9.49105 4.44427 5.90487
Name328 Surname2 2.37054 4.57772 8.91182 7.93291 1.17194 8.19545 1.25744 5.14349
Name329 Surname1 4.50129 2.08085 6.30705 6.16506 7.28413 7.24711 5.41163 8.05065
Name330 Surname2 7.8578 9.56374 1.99681 4.71784 7.42903 1.80531 7.41857 7.83522
Name331 Surname1 5.80254 3.29198 5.55483 7.12733 5.82343 1.74456 8.83812 8.6743
Name332 Surname2 2.626 9.80529 5.73132 3.63934 4.16675 2.51567 6.42519 8.35172
Name333 Surname1 5.30063 3.01319 9.99972 3.0967 2.61243 9.46858 9.83768 9.21291
Name334 Surname2 7.33573 9.45544 2.76441 1.65487 6.54013 5.29355 6.09874 1.36228
Name335 Surname1 9.69729 1.34797 8.99648 2.24524 7.73902 8.54626 5.4467 9.93006
Name336 Surname2 8.45739 8.2385 2.70285 7.49398 6.01096 1.03644 7.73297 4.5675
Name337 Surname1 6.65437 4.64177 6.57019 5.35353 6.83809 7.91728 3.18081 7.87957
Name338 Surname2 1.48519 1.61161 2.18012 5.96039 2.90248 3.97535 4.68318 6.88245
Name339 Surname1 4.92964 1.24428 9.67816 2.74582 5.18458 3.47993 8.94666 8.59909
Name340 Surname2 5.10264 8.61022 6.94516 6.69932 4.44068 3.97755 9.16731 4.21573
Name341 Surname1 3.51432 8.6827 4.01168 1.22304 7.08248 9.76784 1.29587 9.53744
Name342 Surname2 7.29298 7.06401 2.77802 1.51285 9.08403 9.25395 4.51917 2.97856
Name343 Surname1 6.33016 7.73029 6.85151 4.55983 7.07943 7.01021 5.97146 6.825
Name344 Surname2 7.03587 7.66344 3.72625 8.70383 5.93693 8.63866 6.21942 1.65219
Name345 Surname1 1.20079 9.4376 3.32199 1.58214 4.8768 7.02081 5.26069 1.11998
Name346 Surname2 5.26889 1.38614 8.7239 8.79822 9.03848 9.11193 1.9623 6.72109
Name347 Surname1 3.08072 2.96588 6.34425 1.3513 3.68453 5.30729 1.74172 9.60868
Name348 Surname2 5.23483 6.11291 3.9285 7.04676 8.45217 1.80474 9.58825 3.20559
Name349 Surname1 5.37769 4.94285 7.40855 7.33221 6.51864 8.16425 3.33099 9.46709
Name350 Surname2 1.84179 8.39645 7.49001 1.21244 2.70457 5.11194 9.76505 5.87427
Name351 Surname1 7.67879 6.03827 6.20373 8.90996 6.785 4.40858 7.30705 9.81649
Name352 Surname2 9.2534 6.49899 5.81138 3.52638 4.88066 9.65107 7.72723 1.20759
Name353 Surname1 1.17571 2.41364 7.99564 5.59884 9.86357 9.14434 3.38998 3.80604
Name354 Surname2 6.62866 1.07157 6.16871 5.86461 7.58088 1.74779 1.08068 1.11073
Name355 Surname1 6.874 5.32267 8.69758 7.04654 8.63191 5.14176 7.93145 1.74706
Name356 Surname2 9.26726 5.02533 2.19754 8.394 4.24162 3.01681 5.05505 3.62919
Name357 Surname1 7.91502 4.4423 1.98711 6.6009 5.90174 3.91888 4.77775 3.89933
Name358 Surname2 6.62748 5.348 2.6941 7.25587 6.88223 9.78956 7.83863 4.56892
Name359 Surname1 5.66645 1.61407 1.31823 6.91295 9.68788 6.8014 5.91952 3.38961
Name360 Surname2 2.88019 2.2985 1.8206 1.63942 8.53761 8.77133 1.82061 9.34147
Name361 Surname1 8.51926 4.10898 7.54293 5.19999 4.49782 6.12071 3.05213 8.90438
Name362 Surname2 6.69047 9.84744 8.16617 9.86102 4.9324 7.5386 2.52371 6.20774
Name363 Surname1 1.30673 1.01987 5.25012 8.21657 8.898 3.93527 7.02376 5.68827
Name364 Surname2 1.60257 1.5371 2.90972 5.81626 7.80003 5.06745 1.10034 1.96464
Name365 Surname1 7.14296 4.23829 7.15393 7.07312 9.84574 6.9936 3.32179 3.68559
Name366 Surname2 8.07408 2.86034 1.61393 2.48968 9.38702 8.46023 7.36307 6.34042
Name367 Surname1 1.37148 8.95588 4.0791 6.21603 3.08474 7.22461 7.33643 8.93823
Name368 Surname2 1.35019 4.76717 1.45251 9.06585 9.14337 7.56334 2.53834 1.75909
Name369 Surname1 8.47502 8.09421 9.02737 5.56352 1.59572 6.08762 3.04703 2.40855
Name370 Surname2 7.4862 4.01972 8.88751 1.31813 3.6002 8.79215 4.94844 6.66169
Name371 Surname1 1.05982 1.88277 4.64791 1.37652 1.99205 2.24442 6.17067 9.05835
Name372 Surname2 8.15736 7.98355 6.93092 4.58811 8.94667 5.31768 1.69952 2.61055
Name373 Surname1 1.49331 1.62517 3.14886 9.49893 2.98185 4.7891 3.09233 3.0154
Name374 Surname2 2.31424 8.75911 5.98835 1.15232 7.41789 3.64764 6.57434 7.93188
Name375 Surname1 4.60331 4.63721 8.44935 9.18068 3.29823 6.41934 4.6135 7.88432
Name376 Surname2 3.29728 1.96441 3.42685 1.17287 4.51976 1.29686 8.96251 8.62298
Name377 Surname1 1.79448 3.24418 3.63434 6.58383 1.24712 4.31037 8.0849 8.32736
Name378 Surname2 6.0659 3.28587 5.12216 2.05577 9.61339 8.74042 7.59608 7.0493
Name379 Surname1 9.58618 3.36261 9.08955 7.61044 9.15212 9.12246 6.79305 8.63023
Name380 Surname2 2.35248 6.60955 3.33056 7.27735 2.44277 6.31631 2.92426 3.98235
Name381 Surname1 9.27437 6.50164 1.01452 8.80719 5.65405 7.7249 1.18229 7.02957
Name382 Surname2 2.01012 6.63744 3.05505 3.28853 5.40129 1.21518 7.43291 4.95605
Name383 Surname1 8.57021 9.27103 8.1495 3.39355 3.29719 1.37467 5.92344 4.48275
Name384 Surname2 6.2809 5.31479 1.59093 5.71674 5.78981 2.14354 9.54737 4.70451
Name385 Surname1 7.62696 6.73661 3.13366 4.38861 4.54483 8.59824 1.94726 5.12032
Name386 Surname2 6.18198 8.99082 3.401 9.14483 1.73211 8.09984 8.59007 6.1931
Name387 Surname1 3.99299 7.40522 5.75385 9.50455 1.63904 5.32284 5.38904 3.14129
Name388 Surname2 4.73575 2.90672 6.13834 9.05791 6.70634 3.54903 7.96256 9.61978
Name389 Surname1 1.50498 9.19219 3.71819 1.0253 8.76554 6.23682 1.60901 6.24913
Name390 Surname2 2.55478 2.42184 6.03809 3.97903 1.55181 3.72527 5.5374 8.91508
Name391 Surname1 9.34528 9.98392 7.89602 5.55829 8.22541 2.05339 9.83684 2.01609
Name392 Surname2 4.05718 3.77889 4.54747 3.61073 7.94042 3.13818 1.67219 2.40714
Name393 Surname1 3.44521 3.95669 7.90658 9.64215 3.5805 9.25786 7.32259 3.51307
Name394 Surname2 1.42221 6.5438 8.37185 8.85212 9.84341 4.49879 1.47336 7.1121
Name395 Surname1 1.39466 6.73308 2.06316 9.18564 3.85241 9.54084 1.70385 6.36007
Name396 Surname2 6.27241 8.12689 2.11529 3.28524 2.97802 7.7126 4.12533 6.91689
Name397 Surname1 5.81446 5.23421 4.12043 2.09413 9.76837 2.39885 1.56358 6.64683
Name398 Surname2 6.37594 5.88062 4.61917 2.8841 5.84514 5.63953 8.22563 3.76684
Name399 Surname1 5.95493 3.38265 9.38443 9.24381 6.60189 3.02141 7.91142 7.79632
Name400 Surname2 5.77586 8.81163 4.48911 2.94011 4.94609 1.25369 4.80368 2.72383
Name401 Surname1 1.89879 6.06451 4.43863 3.03571 3.71893 2.71279 6.84713 1.8379
Name402 Surname2 1.92418 6.38779 1.91752 5.96943 6.80395 5.11098 6.94038 9.34681
Name403 Surname1 6.64655 7.73142 9.97928 7.78948 1.02146 6.77279 5.76822 4.94559
Name404 Surname2 6.52069 7.83787 9.22116 4.81207 8.31116 8.22139 3.99229 6.52816
Name405 Surname1 1.31571 9.35073 5.50473 2.90575 8.24409 2.61557 6.14232 7.52758
Name406 Surname2 3.74987 7.21032 6.7576 3.17202 6.76723 3.83119 7.79984 8.12522
Name407 Surname1 3.34909 9.72247 5.03109 7.96624 1.11009 2.97274 4.50945 1.78867
Name408 Surname2 7.23814 9.02573 6.14197 4.35696 2.7138 7.75254 5.21031 1.45836
Name409 Surname1 6.11321 3.58879 5.93799 6.5051 2.58529 4.23743 4.6731 8.80088
Name410 Surname2 5.546 8.87002 4.37864 1.78392 8.8903 6.01342 5.4477 7.21305
Name411 Surname1 2.42364 4.85631 4.83841 6.11565 8.22826 9.44427 5.28775 6.97987
Name412 Surname2 5.22708 7.52532 2.6271 5.76189 8.3547 2.07552 8.40241 2.87871
Name413 Surname1 3.68863 7.57197 5.6618 1.43879 9.11745 6.07054 2.00765 3.25696
Name414 Surname2 9.59354 9.48957 8.10465 8.98186 7.38235 5.60862 4.46196 8.10457
Name415 Surname1 3.12773 2.68592 2.76685 8.42993 5.52536 2.51116 1.21598 8.8394
Name416 Surname2 9.98663 8.26442 9.28532 9.12615 5.35511 5.03696 4.08506 8.89466
Name417 Surname1 1.0876 8.64835 4.91327 4.69329 6.2251 7.83757 4.55042 5.4231
Name418 Surname2 9.80668 9.38006 2.29941 8.90925 8.3659 9.36717 6.93379 8.91142
Name419 Surname1 4.29686 5.90028 6.81174 9.90309 1.33705 2.63726 7.73369 2.90499
Name420 Surname2 8.46505 8.75637 6.04997 7.10696 4.85747 3.31022 8.75583 8.65905
Name421 Surname1 8.84633 8.06065 3.04622 8.35161 1.1106 8.83159 2.81567 3.67932
Name422 Surname2 2.14887 1.1962 1.50285 3.62436 7.85227 7.49979 9.93294 4.00963
Name423 Surname1 8.08521 8.85552 6.14249 7.80943 9.51401 8.96269 8.49435 6.568
Name424 Surname2 3.97444 4.26793 3.43997 2.03103 1.24556 6.69638 8.98456 2.98528
Name425 Surname1 3.36911 5.291 9.3381 1.92075 3.88631 9.30319 8.78784 3.71807
Name426 Surname2 8.91504 9.34502 4.71654 2.77856 9.0485 2.93106 8.0016 9.05442
Name427 Surname1 7.38541 3.98508 8.55261 7.87016 3.75327 3.81876 3.02315 1.70432
Name428 Surname2 6.72729 9.14507 3.41978 3.10859 8.41698 4.72041 3.00658 9.41888
Name429 Surname1 3.18058 5.8328 4.02284 8.96968 6.04996 8.28617 3.02451 2.24323
Name430 Surname2 2.13656 3.54455 5.58148 6.65626 7.83483 4.55839 8.21866 2.85785
Name431 Surname1 5.68273 8.22288 1.85729 2.00019 5.52148 6.75077 6.0327 3.44523
Name432 Surname2 3.99189 9.82693 9.20491 1.18477 6.89548 7.01869 6.39769 2.01565
Name433 Surname1 7.87373 2.32972 2.94057 6.4383 9.82798 1.58482 7.44961 8.17988
Name434 Surname2 3.84987 7.73004 6.3722 6.56725 3.53189 1.61848 7.93797 2.62445
Name435 Surname1 2.84067 2.90891 8.56117 5.53439 5.04901 8.47351 9.76194 7.02073
Name436 Surname2 4.13019 7.47989 7.18402 6.69188 4.07559 9.38462 4.73591 3.98331
Name437 Surname1 6.48071 7.05888 2.01861 8.70709 7.88743 5.13661 7.43054 1.93701
Name438 Surname2 6.42784 1.77394 2.3443 9.06852 9.0033 8.79351 4.39992 3.3789
Name439 Surname1 4.06914 9.54366 4.63963 6.99949 9.1684 5.52199 8.70842 1.44474
Name440 Surname2 7.42921 7.67049 7.06657 2.8568 5.22956 2.78912 9.0187 2.85299
Name441 Surname1 4.77459 6.44248 1.08302 1.10983 8.84983 9.78746 1.35047 9.1485
Name442 Surname2 8.96637 8.33595 4.69286 2.90264 2.61256 3.97531 1.64288 8.86823
Name443 Surname1 8.59252 4.9641 5.41245 4.29972 1.92457 8.26718 4.2624 3.64276
Name444 Surname2 4.98877 8.52383 7.25305 1.17012 4.4355 8.5299 3.70556 3.766
Name445 Surname1 7.39458 9.58888 5.6544 9.76074 5.96473 3.98939 8.97694 5.88384
Name446 Surname2 7.41325 9.62608 6.14099 5.72033 6.4422 2.99439 8.15084 3.61861
Name447 Surname1 7.79614 4.70377 9.23017 6.1968 2.23895 7.34918 3.99173 7.8315
Name448 Surname2 3.93185 6.9401 2.68575 5.55944 7.9298 6.39537 9.5768 5.40729
Name449 Surname1 6.29966 9.60866 1.76026 4.35746 2.78735 8.39199 1.09244 7.46496
Name450 Surname2 2.36196 9.23127 2.33041 7.4635 2.1925 1.55541 5.22296 3.98565
Name451 Surname1 5.0107 1.80333 1.29768 3.17931 6.14531 6.07978 8.52397 5.28146
Name452 Surname2 4.97594 3.67466 5.34383 8.48398 9.52221 3.80608 7.60492 5.0666
Name453 Surname1 7.08223 2.14663 8.38681 3.54382 8.27926 9.23423 2.32755 3.11891
Name454 Surname2 1.17406 9.15143 5.9433 8.3898 6.06256 1.44148 1.12555 1.79745
Name455 Surname1 1.93301 2.44014 3.78752 8.98602 3.20433 9.54146 1.64726 3.13386
Name456 Surname2 2.54638 4.0148 6.6118 2.60986 5.562 8.93271 6.67176 3.88321
Name457 Surname1 5.50558 8.83653 5.36427 7.26261 8.54412 8.56827 9.52804 3.42614
Name458 Surname2 1.79333 8.25533 3.68398 9.37913 7.16761 3.20862 5.10127 1.87119
Name459 Surname1 9.84275 6.66185 8.72193 1.53759 9.56744 1.46615 2.15371 4.3623
Name460 Surname2 9.26933 9.84454 9.10076 4.86503 3.94896 7.31657 1.63123 9.14745
Name461 Surname1 1.37374 7.88596 5.77476 9.36112 4.38794 4.67586 7.80573 1.68271
Name462 Surname2 4.39943 5.23779 7.4093 5.05964 6.88602 3.95921 7.7413 1.25209
Name463 Surname1 2.63857 7.60017 6.63775 9.23035 9.71008 2.51661 8.25331 1.90477
Name464 Surname2 6.62578 6.87235 2.64336 8.08071 7.18743 1.5061 7.78655 6.72459
Name465 Surname1 4.83753 5.52064 9.82298 2.06557 6.54786 2.91051 7.04416 7.29284
Name466 Surname2 8.79603 3.00661 1.1591 8.71495 3.46594 7.11443 6.65362 7.81159
Name467 Surname1 4.26382 1.14391 7.82963 8.84226 5.59415 6.76166 5.72241 2.66652
Name468 Surname2 9.95327 1.31813 7.10058 6.1743 5.07855 5.44319 1.8411 3.82645
Name469 Surname1 7.66663 2.80863 7.87208 1.97056 7.29206 4.97914 2.94951 1.85387
Name470 Surname2 3.05072 7.3968 7.28421 7.41831 1.44008 2.66167 9.31732 7.01432
Name471 Surname1 5.41986 6.03016 1.66424 1.99461 1.9231 2.16171 3.82678 8.44775
Name472 Surname2 3.87922 9.49902 2.17257 7.517 9.85162 2.8707 8.349 8.83996
Name473 Surname1 1.74932 8.61391 8.70764 2.99069 9.96643 2.23105 3.32035 7.28098
Name474 Surname2 3.29993 2.53223 4.97132 7.56253 3.65311 7.55832 6.29072 2.87595
Name475 Surname1 6.31675 5.55254 7.51586 8.9142 1.07428 3.69201 5.58519 5.34679
Name476 Surname2 6.92537 1.97859 4.92431 6.88997 6.01328 3.47115 6.45962 2.05095
Name477 Surname1 1.29421 2.25688 9.86506 3.07159 4.42478 1.06157 4.47563 6.43295
Name478 Surname2 2.56349 3.78219 6.21022 7.24109 7.26057 6.71918 6.10221 8.5674
Name479 Surname1 2.14106 2.23784 1.21885 3.9703 9.97264 4.46542 4.70258 9.53258
Name480 Surname2 7.06503 3.94644 3.91751 5.31452 4.35445 7.88366 2.32652 6.56516
Name481 Surname1 3.73892 6.02317 1.39431 3.5842 6.90326 7.46864 3.36714 7.52732
Name482 Surname2 7.88742 3.65884 1.23367 4.28785 3.80452 9.37573 9.29 4.32082
Name483 Surname1 4.68646 2.40637 7.624 1.76403 4.21794 9.07663 2.62324 8.45445
Name484 Surname2 5.91602 8.78314 8.8225 4.53247 7.44277 4.5564 7.07505 9.62269
Name485 Surname1 3.1842 7.27145 7.88624 4.32634 4.7258 6.29559 4.68491 2.63385
Name486 Surname2 9.54174 5.74015 9.70293 6.51354 5.54847 7.35329 3.84802 4.36733
Name487 Surname1 6.78881 8.38888 4.12186 2.45269 9.53914 6.62019 9.82425 6.26789
Name488 Surname2 6.43351 8.66706 7.51393 5.90123 2.5991 1.87473 6.89302 6.59973
Name489 Surname1 6.22834 3.65738 5.95795 3.59788 3.82203 2.8507 1.44944 6.13411
Name490 Surname2 7.80813 1.50759 4.5032 1.55901 9.15542 4.71654 1.09266 5.17683
Name491 Surname1 3.65491 7.53943 5.11788 3.0851 3.58195 5.06374 9.58362 5.25082
Name492 Surname2 5.13654 3.84538 7.45974 5.02909 5.4672 3.80488 5.88381 4.68323
Name493 Surname1 9.8238 4.98842 4.75899 5.1038 6.05178 4.76837 1.92811 8.88525
Name494 Surname2 5.71505 2.48842 6.24442 8.04397 5.97061 2.98979 4.92109 7.89715
Name495 Surname1 1.8767 7.81775 4.79889 5.68481 5.71433 9.34961 2.86127 6.71966
Name496 Surname2 4.54151 6.73676 1.76648 5.46246 5.98328 5.593 8.68368 3.43591
Name497 Surname1 6.04609 4.25828 6.50689 1.86326 9.31791 7.60768 4.23504 6.57408
Name498 Surname2 5.51862 1.12556 3.87177 9.52087 8.50413 2.23236 3.65151 5.19147
Name499 Surname1 1.33116 2.49068 8.89752 8.89886 3.08242 5.63479 4.16554 1.29669
Name500 Surname2 1.49067 3.62742 3.76072 5.74353 6.653 2.81251 6.17434 3.0493
Name501 Surname1 8.90843 9.96733 2.84413 4.15781 8.99234 5.76378 8.89333 1.84167
Name502 Surname2 8.37097 4.77382 7.66566 7.76503 7.78014 7.40758 9.8186 2.28485
Name503 Surname1 4.65914 9.43209 6.5647 9.8125 1.42031 2.98986 9.00191 7.96578
Name504 Surname2 9.75001 2.29494 9.30395 3.7113 8.39911 4.44287 1.35326 5.42175
Name505 Surname1 7.84377 2.25144 1.02549 4.01216 7.81736 1.95303 3.68676 2.9422
Name506 Surname2 4.67924 7.98675 5.71993 1.33623 1.5646 5.32221 7.00357 2.01427
Name507 Surname1 3.77638 2.93905 1.20212 1.45398 8.82376 2.5933 8.27581 2.24241
Name508 Surname2 1.44468 9.77811 7.16468 1.13969 3.5636 6.35321 8.66496 5.58245
Name509 Surname1 8.76751 3.69489 9.69055 6.80741 8.0651 4.74411 7.99119 6.73592
Name510 Surname2 6.98045 6.96194 9.98701 8.5091 2.72045 1.28485 1.38703 5.13457
Name511 Surname1 9.48529 4.3617 1.8987 6.5302 7.73743 8.51578 3.0409 9.64341
Name512 Surname2 4.12381 9.14742 3.78951 1.07516 2.75262 2.04727 9.48195 8.08454
Name513 Surname1 7.46708 2.45653 1.22992 7.99183 3.27821 6.59014 1.39187 8.286
Name514 Surname2 4.44013 1.77602 9.95712 9.25876 3.74569 9.21778 8.1092 9.30476
Name515 Surname1 5.48191 9.98535 5.89255 1.32042 2.26898 3.3312 4.26866 1.11057
Name516 Surname2 6.41672 1.45688 8.79906 3.16921 7.65283 2.4136 6.35732 2.20049
Name517 Surname1 6.11601 6.59277 4.72106 6.86736 6.49567 4.01786 1.68934 3.59473
Name518 Surname2 1.56478 3.38633 6.26372 7.75819 2.01168 9.73683 8.55125 2.72423
Name519 Surname1 3.44912 2.8125 9.55818 5.45823 7.57366 9.81493 3.7766 1.23547
Name520 Surname2 5.06866 4.99335 5.76973 2.22989 1.87383 2.84461 1.49257 7.93667
Name521 Surname1 4.71759 8.67594 9.42633 1.91719 9.20943 9.92725 8.12888 3.94263
Name522 Surname2 4.97882 4.40186 6.36363 8.2146 6.39002 9.62691 8.7473 9.05187
Name523 Surname1 1.56655 3.2345 3.78787 6.67679 8.8601 9.43772 1.91242 3.14841
Name524 Surname2 1.02378 2.20271 5.98073 7.04903 5.8357 5.90737 6.1747 3.46548
Name525 Surname1 3.25815 1.26071 4.24737 5.26625 5.28879 2.43856 1.1312 4.68966
Name526 Surname2 4.51394 9.51371 6.37027 5.57626 9.75168 8.39403 6.11146 5.817
Name527 Surname1 8.95371 5.55498 9.87718 6.36563 2.03817 4.47321 3.27571 6.74637
Name528 Surname2 1.93566 3.21009 5.74155 1.68805 7.11118 5.50102 2.02695 7.49966
Name529 Surname1 2.59408 4.05088 6.46187 1.1087 9.97195 1.85798 7.25279 9.69324
Name530 Surname2 5.16234 6.46369 1.52765 5.58321 6.52391 6.58547 6.63289 7.77279
Name531 Surname1 8.97407 7.32477 8.10983 7.91292 3.28009 7.70911 1.64638 8.69457
Name532 Surname2 8.36784 3.4947 1.86848 6.13248 8.72766 8.04868 7.05103 4.51469
Name533 Surname1 1.65424 2.48601 1.88593 4.93491 5.5765 4.6063 1.33 7.95573
Name534 Surname2 9.04834 6.50269 9.81917 8.67417 8.09125 1.03788 2.11523 1.68677
Name535 Surname1 3.38262 7.23276 1.7066 5.31468 6.35656 3.75428 1.271 9.21876
Name536 Surname2 4.29437 7.43092 8.6884 2.29704 2.34303 4.02156 4.58887 1.45506
Name537 Surname1 2.13988 5.81769 3.6325 9.9564 2.72046 7.44375 1.98603 2.36156
Name538 Surname2 7.7525 9.02606 1.99053 6.1259 8.83314 9.37611 4.37466 4.49836
Name539 Surname1 3.5962 6.73725 8.16633 7.43504 6.56858 4.42383 8.80942 9.99808
Name540 Surname2 7.17166 1.73558 3.10368 4.5022 4.09995 2.88332 8.54672 4.69021
Name541 Surname1 1.07169 4.36685 1.46905 3.20952 6.68418 8.31397 9.15946 8.54461
Name542 Surname2 5.48483 9.07033 2.77178 1.589 2.4155 1.32739 5.18557 8.35545
Name543 Surname1 7.2215 5.20512 9.05582 3.02863 4.08462 9.65491 9.42599 4.18381
Name544 Surname2 9.67739 5.58518 4.97709 6.91834 6.7294 3.15019 5.45108 4.64819
Name545 Surname1 1.38142 4.57152 7.36781 6.10672 2.9159 7.73948 6.05002 8.35486
Name546 Surname2 3.88103 8.97803 1.66772 5.68083 4.02343 6.60051 1.75438 4.29074
Name547 Surname1 7.32427 7.8002 2.90413 7.89876 1.69728 1.53248 4.59781 3.89135
Name548 Surname2 2.66163 1.37042 9.05239 5.89583 6.20034 1.16107 5.14936 3.21047
Name549 Surname1 2.05957 3.64719 5.52272 1.30227 6.54151 6.88305 4.02041 6.18068
Name550 Surname2 7.16032 6.00523 7.09387 8.7751 2.21575 7.63467 9.47364 2.46311
Name551 Surname1 9.68054 9.86643 7.16314 9.5269 6.48342 5.82672 3.3516 2.54533
Name552 Surname2 2.92036 2.72692 1.10527 6.99648 5.75203 4.56322 1.18924 3.37241
Name553 Surname1 8.82957 4.83079 8.1237 2.21216 4.83877 4.47376 4.30522 4.36218
Name554 Surname2 8.32493 7.31501 1.68034 4.16576 6.05174 9.01408 1.96956 6.33342
Name555 Surname1 3.28643 5.8351 7.72605 6.25158 3.10634 8.65755 6.42208 5.49844
Name556 Surname2 9.66263 3.46823 3.3439 7.72492 2.00296 8.37841 9.18365 8.08839
Name557 Surname1 6.91244 6.10285 9.55867 2.45075 4.27561 7.09236 7.72173 8.28316
Name558 Surname2 5.26018 1.08627 3.47318 1.77522 1.57557 7.21503 2.27864 3.10383
Name559 Surname1 6.76862 6.80957 6.40044 9.79252 1.34736 6.96998 5.83925 5.75294
Name560 Surname2 4.10053 1.70941 6.63968 3.60272 7.66469 1.7059 4.03448 7.09915
Name561 Surname1 3.14476 1.7368 2.20226 4.77625 6.89948 7.29645 9.50149 8.62846
Name562 Surname2 6.57003 8.46124 3.36898 4.02601 5.94613 2.64527 4.86276 9.7983
Name563 Surname1 8.10108 5.15871 8.75613 1.61884 3.85262 1.00555 4.71078 5.73669
Name564 Surname2 8.23698 2.8119 4.15288 8.0232 9.25041 8.0153 5.97296 9.32286
Name565 Surname1 8.17252 9.7098 2.7967 4.56813 1.9509 4.94805 6.70265 1.03058
Name566 Surname2 6.13324 3.13083 9.27052 6.90391 3.39159 9.03795 8.96818 3.41245
Name567 Surname1 9.17934 1.54323 8.41937 1.59891 9.13871 7.28451 9.82371 5.24953
Name568 Surname2 2.39369 6.72186 5.97361 4.19279 9.43424 4.16794 8.29326 5.11175
Name569 Surname1 7.55925 2.50512 7.36599 5.47224 3.82698 9.00515 6.71228 3.99571
Name570 Surname2 9.19465 1.49395 9.5221 7.05292 1.97821 1.86408 9.44904 5.85572
Name571 Surname1 9.49039 7.14953 1.19876 5.626 5.85395 8.89799 1.7897 5.28102
Name572 Surname2 2.04691 2.46495 3.74424 1.25462 1.98565 4.97556 3.56952 5.16394
Name573 Surname1 3.68622 4.26586 6.69739 8.58688 4.02505 7.58812 5.09807 1.54755
Name574 Surname2 4.54981 8.50457 6.63434 3.97496 1.85144 4.65127 1.72706 8.81873
Name575 Surname1 5.15957 2.54455 5.38906 7.38758 5.41745 6.43888 6.03178 9.78504
Name576 Surname2 3.9561 3.55389 2.71578 1.63603 5.04416 1.34204 2.07953 8.79858
Name577 Surname1 3.88812 3.34667 2.35886 6.5182 8.74341 4.08536 6.42991 2.43402
Name578 Surname2 6.51096 8.81216 2.69518 4.31548 9.93064 5.74633 4.7875 7.09771
Name579 Surname1 1.67169 5.3551 9.54808 9.01464 5.46736 1.72966 2.76426 2.40966
Name580 Surname2 2.38544 6.40645 1.61115 2.77466 1.07538 5.19287 2.37416 8.44262
Name581 Surname1 7.75615 4.18901 1.69442 5.12289 3.08741 3.82198 4.9838 4.239
Name582 Surname2 1.23539 4.79495 9.09784 2.50933 3.06134 3.31109 6.56731 9.76967
Name583 Surname1 3.22771 5.58892 4.29731 3.53505 1.12679 4.02862 7.43767 8.45314
Name584 Surname2 1.43867 7.90423 6.46532 8.16602 2.76809 3.61973 7.43309 8.13303
Name585 Surname1 3.70238 8.1558 3.2567 5.91063 6.01469 8.30501 7.43447 5.20396
Name586 Surname2 7.83063 5.47573 5.40092 8.83758 8.6221 4.07408 7.56338 7.02611
Name587 Surname1 8.31145 2.51885 1.51512 1.08771 2.6029 4.37478 4.75735 7.37716
Name588 Surname2 3.03588 9.12267 2.46476 8.84993 6.56753 6.81144 8.29377 3.24597
Name589 Surname1 9.8821 6.05918 6.93042 5.37588 5.79619 8.02465 4.29574 3.8234
Name590 Surname2 3.23548 9.73709 6.21766 5.50923 3.68555 7.86832 9.70788 1.67075
Name591 Surname1 5.80115 9.29048 7.68863 2.04066 1.09747 2.93438 3.02365 9.66383
Name592 Surname2 3.57449 2.24583 9.26932 7.98018 9.88319 8.2834 4.85865 6.25771
Name593 Surname1 2.09567 7.85996 2.01031 7.35013 4.12135 5.80032 7.199 1.84163
Name594 Surname2 6.54385 2.41663 6.69643 7.19125 3.58948 7.67175 5.42574 8.21091
Name595 Surname1 8.89469 3.68712 7.0422 4.28324 2.51057 4.52557 7.09405 7.5467
Name596 Surname2 9.1356 8.83792 7.17889 1.2249 3.04007 2.26648 9.61182 2.19002
Name597 Surname1 7.26146 7.2706 6.26552 3.73376 9.54369 6.20695 7.6692 6.14051
Name598 Surname2 6.64728 4.86443 2.31429 6.82772 9.95472 2.58067 8.4388 4.41424
Name599 Surname1 4.00729 7.66581 1.48225 8.99193 3.01096 3.09138 1.86622 4.81464
Name600 Surname2 4.30193 7.48705 4.86787 1.84902 5.55845 6.99481 4.36548 4.11278
Name601 Surname1 3.4675 9.45603 8.4622 7.89903 2.67341 8.37451 2.81725 3.88361
Name602 Surname2 8.85228 7.98098 2.45604 2.68042 4.54975 2.59922 2.65005 2.83736
Name603 Surname1 1.13916 5.78909 5.7516 9.99368 8.88017 1.3371 8.31071 7.89235
Name604 Surname2 2.2595 2.95922 5.47395 9.12312 7.24738 5.64101 2.74818 1.14938
Name605 Surname1 2.79793 9.82105 4.06952 6.02613 2.81164 7.00118 4.21017 9.7326
Name606 Surname2 6.8091 4.94257 4.70106 3.62658 9.10385 8.43487 4.30353 3.06328
Name607 Surname1 5.59308 7.98895 1.8136 6.70088 7.88502 5.8442 1.94392 5.7584
Name608 Surname2 1.17645 9.11862 7.14647 3.44539 3.64753 8.39156 1.81221 6.60323
Name609 Surname1 7.98244 2.45198 7.56164 8.03816 3.60704 7.9439 9.67049 6.77278
Name610 Surname2 3.30856 2.93637 3.41961 2.30952 7.19249 6.96337 7.87407 8.95199
Name611 Surname1 5.60235 4.06835 1.88103 9.13202 3.26143 7.03485 1.50022 8.9426
Name612 Surname2 1.90508 1.19045 7.7483 1.75589 8.01455 9.60946 6.25654 1.7437
Name613 Surname1 7.39498 9.9083 1.65974 1.91234 5.92387 7.1535 6.89514 4.78819
Name614 Surname2 8.60131 1.27754 6.26562 8.66928 5.74865 6.50053 2.57378 9.36955
Name615 Surname1 6.69317 4.79528 2.22214 1.95557 2.68403 2.71168 6.1613 4.64834
Name616 Surname2 9.08466 6.35297 6.62365 9.01438 9.65575 5.84028 5.50601 2.18232
Name617 Surname1 3.72915 9.28611 7.50212 8.59819 4.08611 9.43208 2.46111 1.00003
Name618 Surname2 2.18389 4.98936 5.82575 9.10501 3.426 9.08782 8.25313 7.57017
Name619 Surname1 9.66501 1.72477 8.59602 8.10634 6.78435 2.39805 3.89368 8.40871
Name620 Surname2 5.54769 3.01057 3.62101 1.98164 6.74498 2.32665 8.99806 9.64914
Name621 Surname1 6.69606 7.40762 9.72346 5.01152 1.73671 9.80348 5.41471 9.63659
Name622 Surname2 9.78046 8.76406 5.37517 1.03421 3.79928 7.6934 8.21821 9.21787
Name623 Surname1 3.06881 1.13679 9.19809 1.20004 8.98252 7.82517 1.8337 2.57306
Name624 Surname2 2.3924 1.49016 7.07617 6.11642 1.85526 1.71142 7.78599 3.36458
Name625 Surname1 9.87503 4.75216 7.26205 8.50446 7.28712 6.69003 1.29556 9.2491
Name626 Surname2 9.96256 9.45438 8.20837 3.9947 5.53454 7.03002 8.55711 8.58623
Name627 Surname1 4.92336 8.5743 9.87325 6.68701 4.43523 8.9904 6.44157 9.79932
Name628 Surname2 1.00883 7.26868 1.66633 7.35092 7.05556 4.176 7.61303 6.04162
Name629 Surname1 5.10178 7.24415 4.5565 1.31055 6.98874 4.83152 1.02822 5.77091
Name630 Surname2 8.56172 9.98407 1.35799 5.70333 4.81238 1.17129 2.99634 7.59317
Name631 Surname1 9.564 3.2841 7.1058 3.3663 2.10514 1.43761 8.01076 6.55823
Name632 Surname2 2.55186 3.42319 1.7448 2.61036 3.09902 7.80627 1.09767 6.3152
Name633 Surname1 6.24904 3.22612 9.89978 7.56638 6.71262 1.5439 1.23695 2.08125
Name634 Surname2 9.57401 7.20386 2.66858 1.26205 4.69464 2.73622 6.46622 6.20635
Name635 Surname1 3.49098 3.84667 9.93872 8.60989 5.62733 2.13653 9.52685 9.4614
Name636 Surname2 5.93241 3.15692 5.72351 9.99373 6.60335 9.63318 2.31697 7.17321
Name637 Surname1 5.05371 1.37432 8.53794 1.48459 8.9866 6.37986 1.89151 5.37008
Name638 Surname2 1.00095 6.77674 3.24313 4.31088 7.3486 5.6448 2.06683 7.93754
Name639 Surname1 7.71404 8.8727 4.36121 7.78326 7.49271 2.13137 1.62445 3.01428
Name640 Surname2 1.11409 2.10611 9.80657 1.16815 9.85588 5.25933 3.55415 1.29358
Name641 Surname1 1.91577 8.33889 4.59043 5.29746 2.49925 2.81433 6.15065 1.52858
Name642 Surname2 2.34128 1.26429 6.46315 8.84114 3.66561 8.34768 8.07311 8.42558
Name643 Surname1 8.10167 5.06644 7.58465 4.11608 3.93923 8.77849 7.10582 6.51214
Name644 Surname2 2.1823 4.94414 6.58764 7.40988 8.0431 1.36646 4.33688 3.58187
Name645 Surname1 9.05314 9.10433 5.4987 8.3932 5.80369 7.22265 9.96901 3.17737
Name646 Surname2 7.42725 8.83169 5.43691 7.0389 5.36026 6.27601 5.86207 9.13302
Name647 Surname1 1.6795 1.01445 4.0914 4.72863 1.99192 9.78659 4.37131 1.27913
Name648 Surname2 2.30987 8.09452 3.3034 1.36617 7.64737 4.6186 9.85092 3.57245
Name649 Surname1 5.47597 3.87935 6.67088 8.41385 1.19159 3.51188 2.78052 5.89134
Name650 Surname2 8.71487 5.44277 2.18653 5.27658 6.55914 4.33784 1.90947 8.78702
Name651 Surname1 4.2834 5.72273 5.67446 3.71426 2.86689 7.86229 2.20746 2.60929
Name652 Surname2 1.26078 9.4836 2.58198 6.73311 4.09263 4.16632 1.4432 1.32087
Name653 Surname1 2.20089 7.65085 9.33332 3.83317 8.99099 6.94721 8.92776 2.8318
Name654 Surname2 1.98929 2.83288 8.65187 4.85727 3.76546 1.84493 7.3418 2.7212
Name655 Surname1 4.81153 4.29566 4.18535 4.94707 8.30032 9.93574 4.0535 6.72873
Name656 Surname2 7.1553 2.41806 9.51616 3.09299 2.0194 2.78122 3.15494 1.62854
Name657 Surname1 3.64167 8.10332 9.03826 9.95318 1.0607 6.36349 8.70047 4.50582
Name658 Surname2 1.6908 5.25791 5.0099 9.15425 5.3852 9.34793 8.62871 5.97346
Name659 Surname1 9.14214 4.40567 2.7009 9.66285 8.10725 9.55207 4.38392 6.96524
Name660 Surname2 6.03203 9.26803 4.21736 4.4167 8.01835 5.45108 5.81141 9.06699
Name661 Surname1 6.01934 3.63974 7.4502 8.49412 4.08956 1.63319 3.25845 4.53151
Name662 Surname2 3.30392 5.73983 6.65035 3.30934 9.15544 1.92003 2.52101 9.6853
Name663 Surname1 4.77769 5.16167 9.72887 9.16584 6.80455 5.09714 5.25056 5.24544
Name664 Surname2 7.93087 5.17869 9.73002 8.50579 4.47632 7.81624 6.11069 9.81719
Name665 Surname1 7.0589 3.633 9.37546 3.8779 1.21842 4.17933 2.67777 6.29923
Name666 Surname2 8.60677 9.29278 8.25609 4.51765 4.44565 9.46757 8.5908 9.90609
Name667 Surname1 3.68107 5.37306 3.13068 2.41739 7.35768 6.41668 8.60288 3.77983
Name668 Surname2 1.48933 9.00327 6.48525 1.31732 5.26597 7.73717 9.36105 3.00581
Name669 Surname1 5.45488 6.28677 8.48118 7.72431 2.70352 7.92014 3.42477 6.93285
Name670 Surname2 5.72048 6.62907 7.09634 4.78901 7.90422 1.75296 7.2868 6.26069
Name671 Surname1 6.69573 2.12591 8.2639 8.95402 4.86583 2.91219 9.1209 7.65842
Name672 Surname2 4.36844 6.46161 9.73629 5.63395 9.99343 7.4527 4.454 7.04287
Name673 Surname1 4.99279 2.8728 8.90309 9.99891 7.61397 5.44033 7.50051 9.25713
Name674 Surname2 8.70523 7.19613 2.54424 5.69533 4.20709 3.33746 7.78666 6.56672
Name675 Surname1 9.83681 6.83508 4.56782 4.74252 6.97007 8.15148 7.77478 5.3306
Name676 Surname2 5.30213 8.3063 2.1568 2.33957 9.44683 7.07308 4.14882 9.22651
Name677 Surname1 7.65008 2.56647 3.19137 2.03837 4.4521 6.92364 8.44278 9.66103
Name678 Surname2 4.90948 9.77262 9.88231 3.85767 4.12127 2.51937 5.33901 4.65748
Name679 Surname1 1.65363 8.56851 8.46767 9.79291 5.2956 9.5973 3.53435 9.20487
Name680 Surname2 9.38127 8.72946 3.74648 6.16728 9.40882 6.73446 7.38304 6.1225
Name681 Surname1 1.33781 2.24125 6.40515 7.67199 1.89351 8.36864 1.71897 3.87719
Name682 Surname2 2.58426 8.1603 8.54128 3.22741 2.04963 4.53491 9.8901 3.77535
Name683 Surname1 6.17873 6.21839 1.98008 4.92268 5.10874 5.62019 3.66454 9.82215
Name684 Surname2 2.42679 8.01838 4.68478 1.74627 9.35318 4.34898 1.15459 7.80322
Name685 Surname1 8.19356 1.83414 9.50143 2.38312 7.96531 9.44757 7.75274 8.82762
Name686 Surname2 2.75095 2.8596 1.45476 1.24383 8.52857 1.02666 3.89977 5.25706
Name687 Surname1 8.14681 4.76342 2.71576 1.70272 6.24117 8.07219 6.28953 4.60232
Name688 Surname2 4.89879 1.20752 9.25075 1.51792 2.90828 3.03918 4.94914 2.01059
Name689 Surname1 5.65497 6.05623 9.91141 7.65016 2.22026 2.72257 7.67678 2.61981
Name690 Surname2 8.05551 5.90228 1.1298 1.95167 4.69816 9.85693 4.59378 2.00145
Name691 Surname1 6.35997 6.90015 5.81474 5.78437 9.89498 7.55206 3.72267 3.53239
Name692 Surname2 2.53291 2.22606 8.22577 8.15308 6.38028 5.84341 8.98626 3.75269
Name693 Surname1 4.32309 6.32805 7.66356 6.70664 2.21021 8.33032 5.48565 7.34326
Name694 Surname2 6.46371 6.97115 1.46827 9.00177 8.45286 3.27188 9.06214 6.92802
Name695 Surname1 7.00712 5.23403 5.44631 5.29543 7.30831 9.28557 4.80912 6.24396
Name696 Surname2 5.79203 2.04717 3.11984 3.0003 3.27099 3.12829 4.80809 8.7613
Name697 Surname1 7.59814 5.39321 9.28078 4.63424 6.48599 1.22614 4.87267 9.46251
Name698 Surname2 2.9857 8.44233 3.21684 7.36647 8.5283 9.32763 4.11043 8.72121
Name699 Surname1 7.85453 5.69842 7.50564 2.69718 3.18102 2.77407 1.44278 2.84839
Name700 Surname2 1.82754 4.53811 5.19559 8.26257 1.44106 6.49734 1.20884 2.33483
Name701 Surname1 8.11849 7.0367 5.7316 5.93461 5.43271 8.45878 2.4469 6.70952
Name702 Surname2 9.66599 7.54196 9.10938 8.01776 4.04512 6.46288 5.12265 8.02603
Name703 Surname1 9.09977 4.7673 8.18854 1.48093 6.53679 4.70168 1.25842 2.71635
Name704 Surname2 6.65728 3.15019 9.76392 2.9757 2.14683 8.56466 8.00455 3.30598
Name705 Surname1 1.98241 7.47798 5.20865 1.22001 3.72268 1.9517 3.91492 9.75553
Name706 Surname2 5.63419 2.66604 6.90372 7.80226 4.88166 4.10686 7.25507 7.67905
Name707 Surname1 5.72386 7.39596 1.83008 3.99315 6.3329 7.72791 5.23496 3.99548
Name708 Surname2 3.11402 9.15258 6.21479 4.23875 4.70435 6.64521 8.86096 1.67305
Name709 Surname1 8.4129 9.16282 3.19766 6.84144 4.48135 6.18589 5.5433 4.63607
Name710 Surname2 6.77436 7.38445 7.90397 3.77459 7.74301 1.29387 5.18081 8.85128
Name711 Surname1 1.75469 7.08742 7.42709 7.11284 8.07057 5.81656 2.79388 1.93857
Name712 Surname2 5.63591 5.31945 3.17437 6.19836 7.1581 3.25327 6.40136 8.4887
Name713 Surname1 4.44445 5.04198 3.55659 8.38751 5.50553 2.04986 9.80523 9.79946
Name714 Surname2 2.97973 6.05825 5.26107 4.95262 8.27944 4.73789 1.9762 7.53558
Name715 Surname1 9.53434 5.5909 7.28596 2.15748 4.33186 1.94848 8.16121 7.49174
Name716 Surname2 4.57839 3.81898 6.943 3.73603 5.34155 1.50019 5.31982 2.52706
Name717 Surname1 6.71086 3.46877 4.0212 1.21432 3.43271 6.01807 6.46191 9.84231
Name718 Surname2 2.23893 9.89351 8.90319 7.59825 9.42137 7.78821 7.19397 9.45643
Name719 Surname1 2.15917 3.06775 9.79864 8.34695 5.36814 7.64299 1.0327 6.99281
Name720 Surname2 1.0674 1.96134 4.46972 8.07399 7.23966 5.28061 5.45476 6.93418
Name721 Surname1 4.85685 2.2432 3.69153 3.84598 9.26414 4.98628 2.12841 4.90831
Name722 Surname2 7.46793 7.70569 4.98564 2.77834 3.95089 6.11714 2.25104 9.09639
Name723 Surname1 4.8265 1.96552 9.23043 5.59778 9.28806 7.98638 8.28494 7.78901
Name724 Surname2 5.15069 2.42915 2.64992 5.27428 3.12904 7.17046 4.39796 9.01547
Name725 Surname1 2.36546 2.77719 7.02834 3.76532 6.71246 9.0889 3.37179 6.01853
Name726 Surname2 8.85563 6.82672 6.99922 9.6477 3.81274 5.2959 3.82549 7.97249
Name727 Surname1 7.10837 2.16681 7.71222 8.73069 3.13036 6.8725 2.3292 7.14057
Name728 Surname2 5.7732 9.948 9.02595 8.21123 1.58474 4.69343 7.03285 6.45505
Name729 Surname1 5.81528 8.55677 5.43559 5.85784 1.57756 5.13265 2.01686 5.78359
Name730 Surname2 3.99542 3.91865 3.44192 1.90529 2.66534 9.90172 2.49031 5.67608
Name731 Surname1 1.73042 8.45269 1.8493 1.04276 8.63756 2.2832 5.86771 1.44618
Name732 Surname2 5.41083 2.81868 4.95284 4.89242 1.45474 4.96478 3.21088 1.38165
Name733 Surname1 5.37158 8.81041 9.88974 6.17822 7.14145 7.50506 4.093 4.29727
Name734 Surname2 2.57407 7.56279 9.77027 7.42815 1.90045 6.46709 5.08109 4.04493
Name735 Surname1 8.58611 5.18729 9.72862 4.86306 3.03789 7.01791 1.12089 3.31555
Name736 Surname2 3.45917 3.39936 4.09066 9.65427 2.66232 4.1212 3.26911 5.7635
Name737 Surname1 8.78996 8.59528 4.18636 6.40126 3.31302 8.47544 9.45809 6.18637
Name738 Surname2 5.20017 5.1694 7.98526 9.56917 3.6653 3.92877 6.14306 2.2726
Name739 Surname1 7.67005 4.87675 9.84011 1.42396 2.77364 6.15884 2.59069 4.70422
Name740 Surname2 3.44273 6.31547 5.86276 3.51118 7.74409 5.37843 1.5529 2.49841
Name741 Surname1 9.3405 1.1375 8.90122 6.65614 4.43666 1.54629 8.92673 8.84414
Name742 Surname2 2.79294 4.34592 8.50874 2.07963 3.28394 6.95716 5.91044 2.57283
Name743 Surname1 7.95401 8.99369 4.92969 3.00203 1.2451 8.15548 4.299 8.10737
Name744 Surname2 7.29695 7.35622 7.18548 3.72509 8.39829 2.81015 2.468 9.02595
Name745 Surname1 9.64687 3.86958 2.57564 5.30483 3.97394 2.08843 3.27999 6.86452
Name746 Surname2 9.04913 4.1583 6.47642 5.72172 4.68751 6.92444 4.15834 4.32538
Name747 Surname1 5.77162 4.91055 7.06483 2.31945 6.3558 8.98401 6.98432 1.06736
Name748 Surname2 6.47231 4.72355 5.22497 8.84836 4.34814 2.55536 9.17643 8.24515
Name749 Surname1 7.83472 1.52103 6.87699 1.31266 1.62569 2.4926 6.9497 2.31442
Name750 Surname2 2.72875 1.39824 6.35372 7.70877 1.64524 7.70457 6.31779 3.10987
Name751 Surname1 3.65115 5.34563 2.99099 6.45102 4.11674 8.42619 7.02966 5.84689
Name752 Surname2 2.81119 6.71275 4.09865 9.22321 2.69 5.67851 4.64068 3.0204
Name753 Surname1 2.07569 2.85875 5.76454 9.36621 2.60751 3.53436 9.47918 9.7969
Name754 Surname2 7.9108 1.99652 6.90595 4.85423 7.31182 4.42567 8.09608 9.09298
Name755 Surname1 7.31814 5.00902 9.24007 9.87713 6.00485 9.44876 3.55253 4.43439
Name756 Surname2 1.05984 3.89001 3.71245 9.77066 5.53546 3.0223 7.07052 3.47443
Name757 Surname1 9.53329 7.24942 3.57781 4.0127 8.95478 7.65804 4.12857 2.23473
Name758 Surname2 7.40914 4.65587 8.39744 7.34661 2.3258 8.06601 7.08719 6.81598
Name759 Surname1 1.98465 6.25111 4.46615 5.48483 6.31648 7.7122 3.3989 9.49
Name760 Surname2 1.30787 2.58095 1.79347 6.18559 7.31971 7.62309 6.11109 8.2177
Name761 Surname1 9.6619 3.98795 5.60933 2.84831 3.08518 1.59914 7.79661 3.88703
Name762 Surname2 8.05956 6.6066 8.43056 9.87088 9.38925 1.7576 1.5695 3.42605
Name763 Surname1 9.763 5.79238 3.88912 2.1265 7.96307 3.0058 9.92544 8.59514
Name764 Surname2 9.35655 3.67745 7.22548 7.14983 7.21746 2.62559 1.98494 7.37175
Name765 Surname1 3.68004 8.11192 9.46709 6.19595 8.16033 7.43236 2.17808 9.67748
Name766 Surname2 2.99069 5.25787 9.89863 1.70389 7.07183 1.68562 9.87309 3.67617
Name767 Surname1 7.24619 8.23916 4.19768 7.56144 6.40487 2.65388 5.34999 8.71814
Name768 Surname2 3.14225 4.93302 6.19128 4.71563 8.24054 9.30671 1.25636 6.84623
Name769 Surname1 1.82244 5.14519 5.5765 8.20867 4.17342 1.58684 9.56494 7.97281
Name770 Surname2 7.03151 3.76953 7.75482 2.81755 5.16047 9.69777 1.74336 4.28794
Name771 Surname1 5.3318 3.49311 1.49342 3.37239 4.31315 7.43511 1.61795 7.12286
Name772 Surname2 3.42237 9.00788 9.6457 3.96592 7.09306 2.80427 8.06872 5.75135
Name773 Surname1 3.88009 2.97577 2.81032 7.4217 5.45513 4.58572 2.3712 2.42479
Name774 Surname2 5.65491 8.66296 3.87167 8.03164 7.62308 5.55348 1.48776 8.06186
Name775 Surname1 6.05205 9.86553 8.4617 2.30434 7.25519 6.88072 4.36806 5.62188
Name776 Surname2 7.68608 9.75048 9.95792 1.8534 8.07909 3.36381 6.53936 9.27752
Name777 Surname1 2.3933 2.05967 4.53205 5.56089 9.12799 2.3983 4.0814 2.99019
Name778 Surname2 8.09447 7.1672 1.93399 4.80791 6.62539 3.58471 1.18777 6.42752
Name779 Surname1 3.3319 7.76507 9.69659 6.61098 2.99325 8.14101 8.52498 1.94463
Name780 Surname2 2.09285 3.95868 3.70139 6.57085 5.7673 5.55301 8.55358 9.66721
Name781 Surname1 1.16435 2.73799 7.54613 9.04738 2.54485 9.07886 1.22227 2.01216
Name782 Surname2 4.47524 5.96156 2.82701 4.446 7.41163 7.18347 3.73963 1.70794
Name783 Surname1 3.807 8.27056 8.07576 5.54332 1.5003 1.92368 9.64541 4.84505
Name784 Surname2 8.4412 2.83486 2.41639 4.60829 7.85851 3.38277 9.19623 1.36842
Name785 Surname1 3.4616 3.26697 5.03484 8.77873 5.64321 1.66342 3.49081 9.8872
Name786 Surname2 1.80576 1.82743 9.98003 3.63779 7.43847 4.20318 8.6155 3.15015
Name787 Surname1 4.72856 7.82168 1.25334 6.72801 6.43671 9.44493 5.73197 6.62381
Name788 Surname2 9.06524 8.51273 3.55378 4.92426 6.86749 1.71781 4.13237 5.26657
Name789 Surname1 3.82594 6.49456 1.98218 5.66284 4.80753 9.25527 2.49094 5.69173
Name790 Surname2 9.95642 5.31846 1.84323 8.96798 4.94633 3.4037 1.12778 5.72522
Name791 Surname1 9.18454 9.07522 3.47178 9.24979 7.33351 8.23072 8.68174 3.8282
Name792 Surname2 3.28369 9.40932 2.06694 8.74705 5.30618 3.52658 1.16881 6.60618
Name793 Surname1 6.24393 8.85971 5.35465 3.55141 9.44994 2.01277 2.83947 9.81955
Name794 Surname2 9.18411 8.63062 8.03267 9.99178 8.16256 2.96323 8.04935 7.9553
Name795 Surname1 2.29214 5.50681 3.9145 1.97462 7.12377 8.37934 1.52187 6.20575
Name796 Surname2 4.95515 6.24203 7.42481 1.55629 6.64316 8.75227 3.06713 5.22443
Name797 Surname1 2.13579 4.18612 1.91735 7.60258 5.30752 5.27114 3.16648 5.9231
Name798 Surname2 5.00293 6.95157 5.41273 4.40054 1.5816 8.79348 7.94943 2.82951
Name799 Surname1 7.30506 2.2354 8.25613 7.61926 2.68333 8.51677 5.17257 8.89622
Name800 Surname2 2.75141 7.26428 3.86992 2.46136 2.76425 2.47757 7.79508 6.13136
Name801 Surname1 2.97423 8.15598 5.95515 1.71487 2.2492 4.94459 7.61235 1.05512
Name802 Surname2 2.22814 9.83046 9.05557 2.8745 4.09367 2.49487 5.44189 2.05871
Name803 Surname1 9.00517 5.57416 4.36863 6.66408 5.03113 7.80563 4.79832 4.61807
Name804 Surname2 3.71795 5.38061 6.65189 1.13463 5.26084 4.03137 3.91248 4.04974
Name805 Surname1 8.59725 7.07439 6.00364 9.86434 9.42291 6.04768 9.55668 1.94998
Name806 Surname2 8.88715 5.07298 8.79585 4.81579 9.08743 5.10693 2.18671 8.33048
Name807 Surname1 7.53499 2.80797 5.26034 1.18839 5.08164 5.3612 2.74079 5.79246
Name808 Surname2 2.40904 4.97881 6.56189 5.84926 1.02056 8.59358 5.90367 8.93918
Name809 Surname1 4.35184 7.72053 4.67256 6.67969 6.04107 7.49924 2.50117 8.95819
Name810 Surname2 8.11625 5.98575 5.99892 4.74114 3.10346 7.23319 6.0534 5.89584
Name811 Surname1 6.82555 2.31981 1.30693 5.17846 8.10916 3.72925 6.49421 6.71237
Name812 Surname2 4.84817 5.42699 2.69418 4.99236 1.44413 4.79135 6.562 5.25464
Name813 Surname1 2.4678 3.94063 7.15852 2.61874 1.50418 4.08713 6.0697 8.43359
Name814 Surname2 5.97631 1.48553 2.38063 3.81954 9.39581 1.9994 8.38221 5.48179
Name815 Surname1 4.08071 3.75491 7.37612 7.29126 5.35856 1.91834 3.06435 3.77229
Name816 Surname2 7.7403 1.1097 2.77516 8.64038 6.37192 5.23663 3.92949 9.59433
Name817 Surname1 8.19995 9.32766 6.57633 6.14407 2.03019 8.92185 7.46807 6.31211
Name818 Surname2 9.38468 5.22879 3.11504 8.61903 6.64489 8.28316 6.11057 3.57252
Name819 Surname1 2.66284 7.20895 4.97693 9.43704 3.31529 3.46427 8.12919 9.01556
Name820 Surname2 6.52858 2.82225 2.86681 4.94111 3.96416 1.59808 4.70119 3.08157
Name821 Surname1 3.87076 9.13411 4.31881 2.45286 8.27285 5.28371 7.35463 9.36619
Name822 Surname2 2.56445 8.26844 9.15375 8.23905 8.21461 6.12581 3.23991 4.88973
Name823 Surname1 4.7147 9.06899 5.49025 5.89826 2.51213 2.46193 9.75481 5.64551
Name824 Surname2 2.72384 9.84599 3.24169 7.0087 6.36092 3.33445 7.29891 6.48851
Name825 Surname1 7.55928 7.9892 5.22187 4.30797 2.4544 6.4161 8.55696 6.01032
Name826 Surname2 3.69908 7.81945 2.92301 5.86149 9.4559 9.38889 9.82171 5.5228
Name827 Surname1 9.01963 7.71678 2.9488 8.71015 9.44875 1.05856 5.19249 4.2015
Name828 Surname2 5.40629 6.33574 7.45675 6.78609 3.58494 2.47605 1.59123 1.38141
Name829 Surname1 1.66405 4.40547 4.98575 1.96816 2.36134 8.84941 3.61958 8.57472
Name830 Surname2 2.55078 8.1838 3.99311 6.56039 1.34352 8.54772 2.49718 9.02739
Name831 Surname1 7.16815 6.85419 7.5411 4.45972 9.41727 2.16874 3.0785 5.66312
Name832 Surname2 8.91335 3.98882 8.50138 9.82376 7.19601 4.93227 5.47176 4.34013
Name833 Surname1 8.05172 2.26587 1.58101 4.72955 8.79385 4.37642 8.62259 3.64531
Name834 Surname2 6.15501 2.18291 1.08498 1.37889 6.91917 2.72515 5.7878 8.12816
Name835 Surname1 4.90592 5.51775 1.38534 9.69276 7.46304 2.951 3.09042 2.44078
Name836 Surname2 5.88633 3.39165 5.51576 2.46517 5.77873 7.10508 2.14313 2.14671
Name837 Surname1 6.52442 5.76228 2.61534 9.26401 2.75478 3.0687 6.9861 1.45328
Name838 Surname2 2.93681 8.5511 7.60266 2.70136 9.87476 8.95852 4.22168 7.792
Name839 Surname1 7.62618 3.16111 2.73201 8.58626 6.76622 1.70065 5.1953 3.1865
Name840 Surname2 9.3474 6.07061 8.27611 7.00793 8.46141 1.18811 2.67652 5.02592
Name841 Surname1 2.32024 9.89291 6.21639 9.11219 3.4026 2.12046 3.62513 4.15548
Name842 Surname2 7.76914 6.37431 1.84074 4.14092 8.46808 9.10506 6.95388 2.1433
Name843 Surname1 7.24395 1.72606 1.8953 1.22937 4.67541 8.26401 9.62327 7.48329
Name844 Surname2 5.48414 7.92576 8.01391 8.08845 1.22833 5.53729 8.36092 5.14882
Name845 Surname1 8.71424 3.77441 7.9836 2.6631 6.39545 8.12953 9.17027 8.28449
Name846 Surname2 5.63736 9.79472 5.5975 4.60113 3.32069 4.23187 6.75947 9.4711
Name847 Surname1 1.73057 9.53713 3.93079 8.57869 1.84576 5.45029 8.74724 6.64018
Name848 Surname2 8.6035 2.60158 2.89449 3.36576 8.51521 9.57214 5.51729 4.4735
Name849 Surname1 8.35804 9.61226 1.2039 3.8579 1.00154 4.64978 8.3605 7.88215
Name850 Surname2 2.11712 1.13525 9.10129 1.44899 8.69577 5.27825 1.97672 6.14737
Name851 Surname1 3.56641 2.77393 1.41664 8.82626 3.02241 9.78977 5.16007 6.60938
Name852 Surname2 9.22511 5.29509 4.1752 4.15702 2.664 9.61584 3.45597 6.64333
Name853 Surname1 3.07488 9.13638 7.28764 6.79454 1.88847 4.40719 8.09075 5.53489
Name854 Surname2 3.79718 8.87029 1.71626 2.53939 3.81585 4.9343 1.39975 4.37786
Name855 Surname1 1.65529 7.20607 9.83549 1.77407 3.49784 5.16817 4.01551 3.28317
Name856 Surname2 4.85863 7.39035 4.63827 3.38586 9.28211 3.59561 5.83139 1.17509
Name857 Surname1 2.15579 9.63192 6.67046 4.72834 9.12331 2.74896 5.21384 3.42563
Name858 Surname2 6.20556 3.13781 8.27811 9.105 1.99232 9.94641 2.56423 2.00645
Name859 Surname1 8.3185 2.8046 5.31495 8.19925 2.23817 1.02535 2.71495 8.84762
Name860 Surname2 9.35905 6.38518 2.13197 4.76404 1.64473 1.86638 6.98974 5.78195
Name861 Surname1 9.12314 9.18514 4.03478 3.94003 8.16562 9.24088 8.99198 1.71702
Name862 Surname2 1.11375 2.42942 2.02051 3.37908 1.9619 2.83122 5.54694 2.75466
Name863 Surname1 4.57699 9.19807 4.51861 8.61971 2.30705 7.75029 1.41326 8.82885
Name864 Surname2 2.90653 9.61548 7.89196 5.82979 7.97854 6.1632 3.91889 2.14494
Name865 Surname1 5.10725 6.52356 9.44343 6.43327 3.89328 3.84328 3.04236 9.56334
Name866 Surname2 3.44413 5.71883 8.78538 9.53994 2.86934 4.20951 9.02394 9.53778
Name867 Surname1 3.68318 7.00358 5.05571 7.69468 2.54295 8.99659 1.4168 2.04673
Name868 Surname2 5.07616 4.19681 6.66277 7.67813 4.89972 5.86911 5.52601 9.52205
Name869 Surname1 7.32046 4.00636 4.8821 4.57217 5.99084 8.85645 4.0574 8.4381
Name870 Surname2 9.01785 8.40918 6.10037 9.72318 5.42318 2.20579 4.87431 9.51378
Name871 Surname1 3.1269 4.18305 1.18636 2.5598 3.70954 1.91595 2.22035 1.9207
Name872 Surname2 8.32718 1.30618 5.17596 4.76818 7.15997 9.04355 6.3805 4.47246
Name873 Surname1 5.86876 5.1137 2.86791 7.65722 1.62796 4.2987 9.13795 1.6543
Name874 Surname2 5.01458 4.22911 5.61569 3.13304 5.06721 8.12895 8.69213 5.6828
Name875 Surname1 1.69331 1.51182 3.55654 2.69006 5.50931 9.4874 1.19219 6.31315
Name876 Surname2 9.30666 2.73871 2.46372 4.1695 6.37616 3.00221 7.38372 2.66607
Name877 Surname1 1.66841 5.3043 2.60538 7.75334 4.01718 6.64643 6.7169 2.43367
Name878 Surname2 3.16965 3.01812 6.31193 7.14165 4.52892 5.01412 9.89599 2.20063
Name879 Surname1 1.1375 9.48401 9.67148 4.90145 8.97807 6.99458 4.11883 6.55305
Name880 Surname2 7.51591 8.20967 8.41077 3.92415 7.23354 4.3672 3.16382 3.8546
Name881 Surname1 5.1296 8.00856 1.62198 3.32538 4.49856 8.29436 9.928 3.95615
Name882 Surname2 7.85377 7.69045 7.59799 6.63221 9.5221 1.77639 5.75855 1.04277
Name883 Surname1 8.50686 8.66339 8.35819 5.81692 1.82342 6.31535 8.94653 5.24517
Name884 Surname2 8.7344 4.60802 3.09429 4.84045 6.05443 8.00258 9.97546 9.79839
Name885 Surname1 1.25718 3.48809 9.92099 1.67188 5.36882 8.35495 3.49034 6.32283
Name886 Surname2 2.44514 6.30766 6.31279 4.12186 2.58336 8.31684 5.52555 2.60636
Name887 Surname1 7.58941 5.00232 3.86284 8.83027 8.40056 6.96354 7.62512 3.2466
Name888 Surname2 3.21141 4.43704 6.13066 3.78537 6.05678 9.18314 2.03651 1.5713
Name889 Surname1 1.04902 3.54696 5.03185 9.62711 2.50636 1.76862 3.70308 2.61348
Name890 Surname2 1.55799 4.09638 3.5721 5.30389 2.07025 8.93462 5.18214 4.15172
Name891 Surname1 4.0953 7.93492 4.76801 9.50129 6.07718 5.25435 1.63825 2.67269
Name892 Surname2 8.6591 7.87501 3.49041 7.02274 7.63634 3.30723 5.27047 2.12555
Name893 Surname1 7.74769 8.36853 1.4348 6.58036 5.89981 6.11396 6.74152 6.89987
Name894 Surname2 8.33634 4.84176 5.98432 5.34493 2.15217 3.07798 1.89397 6.48325
Name895 Surname1 2.96084 5.95022 8.66958 9.9033 5.09757 1.72728 9.57167 2.90921
Name896 Surname2 5.44281 2.37092 1.7155 6.04844 8.51318 3.69851 5.20125 4.05142
Name897 Surname1 2.08204 9.05524 3.11531 9.79327 5.38027 8.94901 6.3654 3.8917
Name898 Surname2 7.41008 6.234 1.50906 4.63381 3.68084 4.10254 9.83195 9.32237
Name899 Surname1 3.70483 6.94059 9.66085 4.93257 2.38475 2.45631 2.78403 4.97611
Name900 Surname2 9.45021 6.38705 1.18107 2.39321 8.35762 4.54901 2.50136 6.78583
Name901 Surname1 3.68088 8.61422 2.89581 1.64048 3.71315 5.48257 5.06207 7.99275
Name902 Surname2 9.21942 2.87844 3.30839 4.47059 2.41752 3.88199 4.66082 6.74924
Name903 Surname1 1.78053 3.04284 4.33305 7.95421 5.5337 2.22237 5.12629 3.54668
Name904 Surname2 9.99957 7.86516 7.6 5.40623 8.45317 7.61186 4.51402 5.11003
Name905 Surname1 1.99865 9.53586 5.12528 2.24202 6.45565 9.8309 6.16298 7.40893
Name906 Surname2 2.1501 9.19979 8.4499 6.04924 2.66968 9.66452 9.25183 8.15864
Name907 Surname1 8.77862 1.12434 6.31409 2.54832 9.83878 1.19894 8.36589 3.53039
Name908 Surname2 9.00179 5.09601 7.15479 2.28438 2.74628 5.24278 4.52729 6.44581
Name909 Surname1 2.67264 1.9784 3.91576 4.52035 5.92621 8.24155 4.36591 2.4517
Name910 Surname2 7.06276 5.44223 8.70603 6.78435 8.73861 6.35039 4.23648 8.98072
Name911 Surname1 3.18258 6.70788 6.81135 9.15881 3.13605 3.52771 7.30399 7.47148
Name912 Surname2 4.89591 2.57106 4.01248 3.83105 5.25504 9.12273 6.45156 9.81053
Name913 Surname1 4.9235 2.02854 3.36596 6.71417 9.38491 7.23724 5.96543 5.75322
Name914 Surname2 1.65299 8.22935 7.96014 8.33525 6.86245 2.78942 6.93078 2.06455
Name915 Surname1 1.06895 5.42448 3.87761 8.52962 2.22726 2.46442 6.63873 1.9509
Name916 Surname2 3.80581 4.09846 7.91307 4.7339 5.78281 7.21805 1.89948 5.85259
Name917 Surname1 8.07021 2.10745 6.6574 2.51693 7.43482 6.94758 5.27691 7.38051
Name918 Surname2 3.13755 1.85006 2.46273 8.82656 8.31049 6.09828 5.46391 9.91301
Name919 Surname1 7.47168 7.51448 5.03107 6.32091 7.71385 9.63034 7.91994 4.82298
Name920 Surname2 2.88502 8.20973 1.32343 2.41868 4.68405 7.51704 6.21 6.8585
Name921 Surname1 6.93676 9.57849 7.08425 6.07269 1.9414 4.0672 6.85736 2.1763
Name922 Surname2 1.19703 8.58401 8.51312 9.45095 3.58505 6.41012 9.20069 5.81159
Name923 Surname1 7.89189 3.89891 8.3772 5.26577 1.39151 3.33391 4.964 6.65754
Name924 Surname2 3.33615 9.91245 2.64103 9.66605 2.3924 1.42936 4.07935 3.94684
Name925 Surname1 3.47076 6.08065 9.61477 6.28087 8.18269 7.51011 8.53082 4.7527
Name926 Surname2 4.83483 1.57796 7.75934 4.55048 3.82509 6.9037 6.81928 5.64437
Name927 Surname1 8.1018 7.6003 7.74507 9.95315 1.26698 3.21148 4.48172 9.89843
Name928 Surname2 6.25529 5.08849 4.44523 7.64589 4.8545 8.51495 2.36257 9.00406
Name929 Surname1 7.91414 7.56503 7.73897 2.72299 3.99225 1.02593 8.44756 8.63733
Name930 Surname2 6.07704 3.43029 3.1782 8.73391 7.24309 3.37004 8.37028 3.69981
Name931 Surname1 7.82996 4.7251 9.62582 1.67522 7.3323 3.88999 5.8376 5.88234
Name932 Surname2 6.65204 7.66757 7.5582 2.80372 3.27898 3.12138 6.89182 4.74347
Name933 Surname1 8.74379 7.93914 1.28508 9.56023 7.59328 4.21337 2.36219 5.93903
Name934 Surname2 9.79018 3.04295 7.29038 2.47009 5.63774 3.20949 4.34707 7.51867
Name935 Surname1 4.97456 7.41993 9.3033 6.45708 2.33416 5.8256 1.02145 3.93944
Name936 Surname2 7.36229 5.52654 9.7346 4.58474 1.78498 7.225 8.04382 5.94714
Name937 Surname1 5.45047 7.06332 8.111 1.25781 1.63032 5.41841 2.65964 7.37447
Name938 Surname2 7.08875 5.95264 4.59536 5.60132 8.37499 8.42479 2.84246 9.03264
Name939 Surname1 6.15872 4.39559 8.90208 5.42052 6.06237 2.59671 5.67631 4.20446
Name940 Surname2 5.82244 1.55817 5.75548 7.75653 5.57732 5.35541 8.9886 1.6509
Name941 Surname1 2.62749 9.46307 4.22437 5.50784 4.57138 4.55657 1.03276 5.52286
Name942 Surname2 7.7664 2.35419 6.73884 4.27426 1.83788 8.28264 8.35959 1.29541
Name943 Surname1 1.85222 5.74847 7.58934 8.68732 2.03605 7.57407 4.31365 8.84671
Name944 Surname2 8.82745 8.38891 3.03714 8.57717 8.57995 6.27605 1.14491 6.91202
Name945 Surname1 2.73236 1.68959 7.49746 1.32575 5.71984 1.22626 5.01968 6.75572
Name946 Surname2 9.12961 6.2742 8.69817 3.45225 9.9625 8.01946 4.58392 6.282
Name947 Surname1 7.57356 2.7397 5.78533 7.63434 5.29417 9.88398 7.1529 1.35755
Name948 Surname2 1.0253 2.67881 1.23704 6.32759 4.74037 2.74384 4.15662 1.01457
Name949 Surname1 8.13515 8.9302 9.96134 7.33755 9.45149 5.31145 4.45472 7.05574
Name950 Surname2 4.19168 3.77212 7.50671 9.08274 5.92567 2.07003 6.3581 7.9195
Name951 Surname1 1.42423 5.58442 7.39641 3.70565 4.60278 9.79681 6.70077 2.45682
Name952 Surname2 5.19883 3.65862 7.91228 1.59809 2.41114 3.19759 6.7098 7.92048
Name953 Surname1 7.73164 3.94412 4.10507 9.53897 6.96975 9.83266 7.58454 7.16809
Name954 Surname2 2.88582 6.41213 5.24878 5.06195 8.81691 6.2992 6.30994 1.16571
Name955 Surname1 3.27983 9.48033 8.30015 1.93766 9.66392 9.96489 7.16034 5.2528
Name956 Surname2 5.04516 6.73091 3.62114 4.81667 7.25254 5.71113 9.23941 2.33864
Name957 Surname1 2.32591 6.10109 5.51304 3.92675 7.72982 8.13834 9.77983 4.24116
Name958 Surname2 8.40326 2.44284 5.12253 5.60545 4.95597 4.01856 9.57465 9.95512
Name959 Surname1 2.78184 1.59818 7.58073 3.8768 2.10608 9.30978 9.15785 7.47782
Name960 Surname2 5.76083 1.97578 7.30624 8.25694 5.06406 6.44537 7.3198 2.11247
Name961 Surname1 3.84786 5.77153 6.42533 9.4539 7.21842 2.99557 4.76007 4.71348
Name962 Surname2 4.21137 3.26438 6.87921 3.83303 6.31434 9.2021 7.76144 8.58535
Name963 Surname1 3.73182 8.80578 3.90267 2.81357 5.41314 7.28279 9.55359 5.41572
Name964 Surname2 6.90813 7.07053 7.33491 5.62947 7.14337 6.54372 7.93511 5.92545
Name965 Surname1 9.8671 4.3852 4.31671 6.51462 3.98688 5.76931 8.89782 5.09913
Name966 Surname2 6.32372 2.61692 5.13334 7.84433 9.26896 3.72766 1.73075 8.9955
Name967 Surname1 3.36742 9.1566 6.16474 5.38847 8.30127 9.81332 7.6024 6.6822
Name968 Surname2 7.32158 7.68207 2.44404 9.03188 7.51178 8.11208 1.64375 8.06807
Name969 Surname1 2.9271 2.6879 5.18753 1.92777 9.22541 6.60288 9.92005 1.01308
Name970 Surname2 6.55335 6.39032 4.7023 5.38013 5.73376 5.7886 4.24182 3.51572
Name971 Surname1 1.9891 5.78667 4.0792 7.37767 2.02029 4.27216 4.00317 4.87577
Name972 Surname2 6.75533 8.0989 5.43579 6.08063 8.27816 1.77099 7.216 4.91548
Name973 Surname1 1.78126 3.09681 9.56705 9.76928 4.3357 3.69439 8.3107 9.95824
Name974 Surname2 1.67112 7.57004 1.76311 5.97463 9.40456 4.47413 2.71509 2.52193
Name975 Surname1 6.71268 1.23437 9.4642 4.72856 5.41179 8.2241 4.86088 9.70294
Name976 Surname2 8.26204 1.78546 8.87433 4.57681 1.64037 6.06791 2.34267 6.40604
Name977 Surname1 6.9539 6.85547 3.64582 4.97207 4.836 3.34005 9.83025 3.66334
Name978 Surname2 8.13418 4.28652 7.14164 3.04931 8.48658 8.85932 5.25976 8.3883
Name979 Surname1 3.88256 9.57121 9.30335 8.79018 9.26668 8.9598 3.72362 3.9152
Name980 Surname2 3.49037 6.7746 3.42038 7.5838 2.62507 7.83545 4.78058 3.57968
Name981 Surname1 5.13109 8.78584 5.77187 8.925 7.96275 9.84666 2.6063 9.79134
Name982 Surname2 8.72387 7.61333 6.5768 3.45721 6.42497 7.85792 5.04251 7.756
Name983 Surname1 8.62678 2.43837 2.12993 6.64246 7.33395 5.40453 2.94003 1.26848
Name984 Surname2 9.52268 8.22792 1.61129 7.78784 1.84516 7.18794 7.83789 9.99729
Name985 Surname1 8.13905 5.67272 3.01672 8.68038 2.96424 6.64093 8.29168 9.81767
Name986 Surname2 8.2937 6.31131 6.05539 5.26564 6.64819 3.67263 1.38713 6.86949
Name987 Surname1 6.33395 2.97639 2.04199 7.43521 8.44615 4.60599 5.68598 6.49329
Name988 Surname2 7.24881 2.94488 7.55925 8.24641 7.42273 2.65156 3.06899 2.61552
Name989 Surname1 7.93091 7.56146 1.74734 5.52967 6.8393 5.38264 6.05277 2.71301
Name990 Surname2 6.07286 4.42929 3.04363 1.84917 5.74941 1.18753 9.23455 1.77129
Name991 Surname1 6.13591 3.17157 1.63974 8.48181 9.55364 6.5299 1.66606 9.76797
Name992 Surname2 4.35833 3.49175 2.95209 7.0724 2.73348 6.9667 5.41203 3.17825
Name993 Surname1 8.02574 1.90882 4.56947 7.57122 8.59372 4.36837 5.64071 6.91167
Name994 Surname2 7.85222 9.76259 3.57377 1.14607 8.42593 6.07013 5.11519 7.08012
Name995 Surname1 8.87556 3.3358 1.10847 7.52915 3.06434 4.7182 9.5516 5.07484
Name996 Surname2 2.45369 3.28159 4.74372 2.69989 2.43059 5.76262 1.34082 2.74881
Name997 Surname1 3.2487 4.82062 4.4316 7.79047 1.47622 6.69861 7.23247 2.6941
Name998 Surname2 8.76741 6.86688 8.88058 9.21517 7.52193 1.69236 5.34672 9.19688
Name999 Surname1 2.73973 2.86561 5.41196 6.58745 1.70222 4.57932 3.70411 8.49982
Name1000 Surname2 4.54295 4.826 2.43853 5.01974 3.79238 2.87308 4.73879 7.81839
